Distance in bp(Fragment Length Estimate: 230)(Peak Width Estimate: 798)	Same Strand (+ for Watson strand, - for Crick)	Opposite Strand
-2000	17312.0	13827.0
-1999	17338.0	13285.0
-1998	17747.0	14235.0
-1997	16258.0	13828.0
-1996	17118.0	14027.0
-1995	16843.0	14674.0
-1994	15946.0	14948.0
-1993	17253.0	14564.0
-1992	16334.0	14124.0
-1991	14963.0	14417.0
-1990	16854.0	12787.0
-1989	16239.0	14651.0
-1988	15820.0	13222.0
-1987	16146.0	13464.0
-1986	15372.0	13736.0
-1985	15564.0	13839.0
-1984	15511.0	14377.0
-1983	16425.0	15120.0
-1982	16375.0	13173.0
-1981	16159.0	15172.0
-1980	16250.0	13265.0
-1979	17748.0	14653.0
-1978	17399.0	14915.0
-1977	17737.0	14820.0
-1976	17648.0	14938.0
-1975	17201.0	14719.0
-1974	17661.0	14148.0
-1973	19041.0	16072.0
-1972	18814.0	15249.0
-1971	17896.0	16333.0
-1970	19413.0	14084.0
-1969	19040.0	14450.0
-1968	19126.0	16070.0
-1967	20214.0	16299.0
-1966	19574.0	14898.0
-1965	20251.0	15884.0
-1964	19660.0	16315.0
-1963	20226.0	16607.0
-1962	18931.0	14899.0
-1961	17417.0	15649.0
-1960	19012.0	15025.0
-1959	17594.0	15960.0
-1958	17140.0	14646.0
-1957	16646.0	14587.0
-1956	18036.0	14065.0
-1955	17535.0	14938.0
-1954	17937.0	15917.0
-1953	17753.0	15659.0
-1952	16893.0	17222.0
-1951	16690.0	15467.0
-1950	17129.0	16006.0
-1949	17581.0	16612.0
-1948	16785.0	15341.0
-1947	16714.0	16075.0
-1946	18831.0	15560.0
-1945	18098.0	14776.0
-1944	17640.0	15586.0
-1943	17837.0	15473.0
-1942	17171.0	16256.0
-1941	17203.0	15045.0
-1940	17725.0	16175.0
-1939	17655.0	16245.0
-1938	17940.0	15149.0
-1937	18597.0	15192.0
-1936	17035.0	15677.0
-1935	18524.0	15840.0
-1934	18537.0	15763.0
-1933	17262.0	16416.0
-1932	19256.0	15881.0
-1931	18104.0	15313.0
-1930	17250.0	15368.0
-1929	18961.0	14519.0
-1928	18484.0	14935.0
-1927	18777.0	15189.0
-1926	18907.0	14610.0
-1925	18763.0	14398.0
-1924	18909.0	15014.0
-1923	18839.0	14052.0
-1922	19162.0	14738.0
-1921	19292.0	15004.0
-1920	18246.0	14026.0
-1919	19020.0	14649.0
-1918	19051.0	14619.0
-1917	18496.0	14729.0
-1916	18971.0	14650.0
-1915	18227.0	14268.0
-1914	18146.0	14782.0
-1913	17612.0	14257.0
-1912	17153.0	14867.0
-1911	16495.0	15179.0
-1910	16773.0	13960.0
-1909	16287.0	15577.0
-1908	16379.0	14527.0
-1907	16542.0	16408.0
-1906	17274.0	15038.0
-1905	16876.0	15721.0
-1904	17032.0	15088.0
-1903	17434.0	14604.0
-1902	18046.0	15471.0
-1901	17770.0	15863.0
-1900	17251.0	16001.0
-1899	18600.0	15972.0
-1898	18244.0	15676.0
-1897	17045.0	16254.0
-1896	17121.0	16016.0
-1895	18178.0	15435.0
-1894	18395.0	15129.0
-1893	18165.0	15762.0
-1892	17421.0	15188.0
-1891	18271.0	14966.0
-1890	17244.0	16764.0
-1889	17856.0	15052.0
-1888	17175.0	15169.0
-1887	17417.0	16060.0
-1886	17448.0	15711.0
-1885	17440.0	15847.0
-1884	17687.0	14521.0
-1883	16320.0	15491.0
-1882	17731.0	16516.0
-1881	16675.0	15484.0
-1880	17006.0	14993.0
-1879	17161.0	15230.0
-1878	16620.0	15197.0
-1877	16397.0	13975.0
-1876	17577.0	14906.0
-1875	16971.0	14162.0
-1874	17978.0	14582.0
-1873	17862.0	14476.0
-1872	17547.0	15466.0
-1871	17396.0	15782.0
-1870	16812.0	16038.0
-1869	16769.0	16930.0
-1868	16514.0	15620.0
-1867	18014.0	15630.0
-1866	17081.0	16324.0
-1865	18146.0	14296.0
-1864	16952.0	16063.0
-1863	18422.0	16034.0
-1862	18460.0	15086.0
-1861	17662.0	15907.0
-1860	18924.0	16102.0
-1859	17246.0	15718.0
-1858	18678.0	14463.0
-1857	17503.0	14900.0
-1856	17448.0	15554.0
-1855	18292.0	16263.0
-1854	18106.0	15070.0
-1853	17692.0	15283.0
-1852	19133.0	15148.0
-1851	18448.0	15065.0
-1850	17600.0	15694.0
-1849	18030.0	15508.0
-1848	17653.0	14685.0
-1847	18578.0	15171.0
-1846	18392.0	15477.0
-1845	18204.0	16601.0
-1844	16983.0	16685.0
-1843	18625.0	17401.0
-1842	16980.0	15874.0
-1841	18079.0	16798.0
-1840	18641.0	17442.0
-1839	18760.0	16942.0
-1838	18562.0	17444.0
-1837	20448.0	15796.0
-1836	18678.0	16451.0
-1835	18198.0	15987.0
-1834	19828.0	16991.0
-1833	19124.0	15839.0
-1832	19534.0	17685.0
-1831	20589.0	17272.0
-1830	20860.0	18001.0
-1829	20835.0	16584.0
-1828	19168.0	17682.0
-1827	20802.0	18226.0
-1826	19785.0	16563.0
-1825	20485.0	17439.0
-1824	20216.0	17741.0
-1823	21253.0	17134.0
-1822	20775.0	17440.0
-1821	20810.0	16960.0
-1820	23308.0	16756.0
-1819	22557.0	17897.0
-1818	23617.0	18502.0
-1817	23366.0	17658.0
-1816	23734.0	16529.0
-1815	26459.0	16490.0
-1814	27979.0	17786.0
-1813	28085.0	16682.0
-1812	28352.0	18114.0
-1811	28862.0	17227.0
-1810	31546.0	16075.0
-1809	30349.0	17745.0
-1808	30811.0	17736.0
-1807	28007.0	17281.0
-1806	26727.0	17223.0
-1805	26083.0	16547.0
-1804	25898.0	16995.0
-1803	24373.0	16666.0
-1802	23915.0	16969.0
-1801	23869.0	17235.0
-1800	22421.0	18937.0
-1799	22590.0	18725.0
-1798	22874.0	18294.0
-1797	22874.0	17218.0
-1796	23396.0	16168.0
-1795	23033.0	17495.0
-1794	22024.0	17738.0
-1793	22312.0	18734.0
-1792	20749.0	18273.0
-1791	22153.0	17950.0
-1790	21203.0	18201.0
-1789	21695.0	18174.0
-1788	21354.0	17439.0
-1787	22054.0	17280.0
-1786	21398.0	17305.0
-1785	20776.0	17352.0
-1784	21730.0	15137.0
-1783	21187.0	17022.0
-1782	21789.0	15547.0
-1781	19383.0	15704.0
-1780	21176.0	17565.0
-1779	19938.0	17384.0
-1778	17985.0	17316.0
-1777	18871.0	16440.0
-1776	19213.0	16822.0
-1775	18395.0	17288.0
-1774	18676.0	16487.0
-1773	18590.0	16156.0
-1772	17791.0	16549.0
-1771	18016.0	16933.0
-1770	18535.0	16246.0
-1769	19060.0	16995.0
-1768	17193.0	17108.0
-1767	18096.0	17192.0
-1766	18099.0	15868.0
-1765	18530.0	17972.0
-1764	18045.0	16115.0
-1763	19320.0	18180.0
-1762	20419.0	16978.0
-1761	18946.0	17808.0
-1760	20542.0	18631.0
-1759	19089.0	17227.0
-1758	18534.0	17674.0
-1757	18845.0	18447.0
-1756	17932.0	16242.0
-1755	20266.0	16809.0
-1754	18445.0	17019.0
-1753	19596.0	18419.0
-1752	20338.0	16793.0
-1751	20284.0	17878.0
-1750	20293.0	19056.0
-1749	19731.0	17809.0
-1748	19930.0	17419.0
-1747	19173.0	18496.0
-1746	18294.0	17433.0
-1745	19703.0	17191.0
-1744	19389.0	16955.0
-1743	18961.0	17862.0
-1742	19079.0	17939.0
-1741	18726.0	16638.0
-1740	19512.0	18841.0
-1739	19340.0	16557.0
-1738	19629.0	16633.0
-1737	18580.0	17256.0
-1736	18666.0	16552.0
-1735	19588.0	17551.0
-1734	20145.0	16470.0
-1733	19425.0	16050.0
-1732	19827.0	17843.0
-1731	20542.0	17028.0
-1730	20496.0	16849.0
-1729	21392.0	16397.0
-1728	20595.0	17968.0
-1727	21894.0	16052.0
-1726	21679.0	17516.0
-1725	22513.0	16706.0
-1724	22544.0	17637.0
-1723	23200.0	17714.0
-1722	23084.0	17428.0
-1721	24298.0	18216.0
-1720	23674.0	19409.0
-1719	25310.0	17507.0
-1718	24690.0	18610.0
-1717	26571.0	19376.0
-1716	25238.0	17990.0
-1715	24297.0	18296.0
-1714	24797.0	17053.0
-1713	23072.0	18110.0
-1712	22963.0	16824.0
-1711	22330.0	16040.0
-1710	24415.0	18202.0
-1709	23943.0	18353.0
-1708	24965.0	17471.0
-1707	23924.0	18955.0
-1706	24658.0	17437.0
-1705	23743.0	16987.0
-1704	23489.0	16789.0
-1703	23112.0	17532.0
-1702	23889.0	17738.0
-1701	23003.0	18792.0
-1700	22773.0	17899.0
-1699	22914.0	16790.0
-1698	21920.0	17309.0
-1697	22993.0	17018.0
-1696	21135.0	16584.0
-1695	22403.0	17855.0
-1694	22737.0	15899.0
-1693	22694.0	17855.0
-1692	22085.0	18867.0
-1691	22874.0	16949.0
-1690	22960.0	16891.0
-1689	22468.0	16783.0
-1688	22046.0	18246.0
-1687	22924.0	16924.0
-1686	22836.0	17442.0
-1685	22890.0	17478.0
-1684	23178.0	17017.0
-1683	23894.0	16826.0
-1682	22828.0	17121.0
-1681	23607.0	16469.0
-1680	24236.0	17292.0
-1679	23483.0	17017.0
-1678	24949.0	17963.0
-1677	22923.0	17285.0
-1676	24052.0	18141.0
-1675	22690.0	19010.0
-1674	22917.0	17401.0
-1673	24917.0	20112.0
-1672	22946.0	17281.0
-1671	23003.0	18498.0
-1670	23579.0	17838.0
-1669	21481.0	17858.0
-1668	23668.0	16481.0
-1667	22949.0	17442.0
-1666	23053.0	17427.0
-1665	22119.0	16604.0
-1664	23522.0	16516.0
-1663	23518.0	18093.0
-1662	23281.0	17305.0
-1661	22679.0	16655.0
-1660	23434.0	17528.0
-1659	21799.0	18395.0
-1658	22734.0	18786.0
-1657	22452.0	18356.0
-1656	22497.0	18003.0
-1655	22438.0	19680.0
-1654	22094.0	18964.0
-1653	22567.0	19607.0
-1652	21990.0	18883.0
-1651	22081.0	17202.0
-1650	21860.0	17439.0
-1649	21530.0	17643.0
-1648	22264.0	17275.0
-1647	21710.0	16748.0
-1646	22713.0	17085.0
-1645	21380.0	17007.0
-1644	22801.0	17745.0
-1643	23354.0	17651.0
-1642	23459.0	18232.0
-1641	24491.0	18420.0
-1640	23179.0	17969.0
-1639	23394.0	18388.0
-1638	22546.0	17178.0
-1637	24145.0	18129.0
-1636	23259.0	19388.0
-1635	23987.0	19137.0
-1634	25526.0	18818.0
-1633	24242.0	20491.0
-1632	23818.0	19242.0
-1631	24401.0	20663.0
-1630	24012.0	18048.0
-1629	25453.0	19603.0
-1628	24654.0	18501.0
-1627	24330.0	18766.0
-1626	23542.0	19446.0
-1625	25340.0	18842.0
-1624	22842.0	18150.0
-1623	24109.0	19607.0
-1622	23925.0	18523.0
-1621	24728.0	18093.0
-1620	23516.0	18164.0
-1619	24044.0	17834.0
-1618	24170.0	18565.0
-1617	24488.0	17570.0
-1616	23767.0	18770.0
-1615	25158.0	18201.0
-1614	25588.0	18471.0
-1613	25306.0	18600.0
-1612	25169.0	19838.0
-1611	24966.0	17528.0
-1610	24934.0	20113.0
-1609	25307.0	18103.0
-1608	26804.0	20245.0
-1607	24431.0	20316.0
-1606	25730.0	20941.0
-1605	25860.0	22180.0
-1604	25270.0	20813.0
-1603	25766.0	21103.0
-1602	24643.0	23061.0
-1601	25742.0	22170.0
-1600	26347.0	21724.0
-1599	25447.0	23473.0
-1598	25632.0	20418.0
-1597	24855.0	21966.0
-1596	25345.0	21734.0
-1595	23350.0	20175.0
-1594	24052.0	21747.0
-1593	23123.0	19473.0
-1592	25283.0	21969.0
-1591	25653.0	21238.0
-1590	25597.0	20606.0
-1589	27444.0	20611.0
-1588	26463.0	21297.0
-1587	26241.0	21885.0
-1586	27653.0	20987.0
-1585	27004.0	22235.0
-1584	26059.0	22910.0
-1583	25186.0	21418.0
-1582	27204.0	20802.0
-1581	24468.0	20200.0
-1580	25914.0	19828.0
-1579	26451.0	20219.0
-1578	25954.0	19220.0
-1577	26684.0	20174.0
-1576	24260.0	19877.0
-1575	27524.0	18651.0
-1574	23893.0	19383.0
-1573	25834.0	19554.0
-1572	26306.0	18991.0
-1571	24597.0	20183.0
-1570	25674.0	19142.0
-1569	23915.0	20086.0
-1568	23869.0	17981.0
-1567	25220.0	18795.0
-1566	23756.0	19697.0
-1565	25085.0	20470.0
-1564	24693.0	18655.0
-1563	24825.0	19083.0
-1562	26066.0	20117.0
-1561	24508.0	18307.0
-1560	25877.0	18686.0
-1559	25373.0	19494.0
-1558	24046.0	19239.0
-1557	26231.0	18194.0
-1556	26038.0	18881.0
-1555	24448.0	19075.0
-1554	26080.0	19125.0
-1553	24683.0	18181.0
-1552	24920.0	17990.0
-1551	24652.0	18700.0
-1550	25163.0	18321.0
-1549	23857.0	18710.0
-1548	25267.0	17481.0
-1547	24256.0	19284.0
-1546	23362.0	19382.0
-1545	25780.0	16977.0
-1544	25148.0	18216.0
-1543	25557.0	18884.0
-1542	25516.0	17440.0
-1541	24101.0	18527.0
-1540	26356.0	19486.0
-1539	25102.0	18681.0
-1538	25945.0	19269.0
-1537	26715.0	19974.0
-1536	26264.0	19790.0
-1535	25571.0	20251.0
-1534	25356.0	20595.0
-1533	24137.0	21742.0
-1532	26344.0	22765.0
-1531	25013.0	20858.0
-1530	25526.0	21512.0
-1529	25231.0	20878.0
-1528	24513.0	20129.0
-1527	23887.0	19970.0
-1526	23669.0	20682.0
-1525	24582.0	19150.0
-1524	24594.0	19630.0
-1523	24461.0	19665.0
-1522	27720.0	20379.0
-1521	24997.0	19813.0
-1520	28438.0	21587.0
-1519	26786.0	21171.0
-1518	26578.0	20470.0
-1517	28251.0	20445.0
-1516	27659.0	20625.0
-1515	28226.0	19818.0
-1514	26559.0	19859.0
-1513	28023.0	19555.0
-1512	27379.0	18930.0
-1511	27961.0	18841.0
-1510	29854.0	19272.0
-1509	28247.0	17939.0
-1508	27853.0	18482.0
-1507	29879.0	20059.0
-1506	27023.0	19825.0
-1505	28255.0	20372.0
-1504	28387.0	19560.0
-1503	28630.0	19271.0
-1502	28308.0	21401.0
-1501	26747.0	20912.0
-1500	27205.0	21321.0
-1499	30060.0	21868.0
-1498	28065.0	20926.0
-1497	29209.0	20762.0
-1496	27916.0	21011.0
-1495	30592.0	21733.0
-1494	29564.0	20319.0
-1493	30185.0	21625.0
-1492	30878.0	20886.0
-1491	29163.0	23206.0
-1490	31149.0	22967.0
-1489	28937.0	22369.0
-1488	29533.0	22363.0
-1487	30717.0	20910.0
-1486	29492.0	21943.0
-1485	29793.0	20826.0
-1484	29595.0	21016.0
-1483	28737.0	21585.0
-1482	29845.0	22143.0
-1481	29575.0	22673.0
-1480	28581.0	23232.0
-1479	29539.0	21291.0
-1478	29866.0	23657.0
-1477	31217.0	22523.0
-1476	30132.0	21714.0
-1475	31361.0	22439.0
-1474	33102.0	21665.0
-1473	33606.0	21696.0
-1472	33492.0	21875.0
-1471	32677.0	23416.0
-1470	33455.0	23096.0
-1469	33478.0	22228.0
-1468	34873.0	23432.0
-1467	35251.0	21712.0
-1466	33591.0	23568.0
-1465	31470.0	22377.0
-1464	32543.0	22393.0
-1463	31118.0	22982.0
-1462	32046.0	23580.0
-1461	31463.0	23442.0
-1460	32150.0	22649.0
-1459	32169.0	23251.0
-1458	31914.0	23116.0
-1457	29268.0	24570.0
-1456	32227.0	23597.0
-1455	31007.0	23805.0
-1454	28999.0	23497.0
-1453	29423.0	22373.0
-1452	31005.0	23510.0
-1451	29842.0	21732.0
-1450	29579.0	21066.0
-1449	29386.0	21913.0
-1448	27583.0	21391.0
-1447	29566.0	21480.0
-1446	27353.0	20504.0
-1445	28645.0	21583.0
-1444	28195.0	21849.0
-1443	26935.0	21405.0
-1442	27458.0	21794.0
-1441	27583.0	21291.0
-1440	28570.0	21245.0
-1439	29886.0	21758.0
-1438	26871.0	24304.0
-1437	28721.0	22485.0
-1436	28497.0	23144.0
-1435	28379.0	22850.0
-1434	28191.0	24818.0
-1433	28914.0	22932.0
-1432	28346.0	23985.0
-1431	29223.0	23506.0
-1430	27547.0	22804.0
-1429	27412.0	23326.0
-1428	27422.0	23233.0
-1427	26092.0	22329.0
-1426	28100.0	24591.0
-1425	27753.0	22650.0
-1424	28323.0	23194.0
-1423	27833.0	23159.0
-1422	27006.0	22689.0
-1421	26758.0	24297.0
-1420	28155.0	23406.0
-1419	27423.0	24640.0
-1418	27150.0	23327.0
-1417	27368.0	26294.0
-1416	28801.0	22052.0
-1415	27555.0	25623.0
-1414	27897.0	24975.0
-1413	26823.0	25052.0
-1412	27971.0	24338.0
-1411	28663.0	25168.0
-1410	29031.0	23743.0
-1409	28330.0	23715.0
-1408	28064.0	23742.0
-1407	29998.0	23834.0
-1406	29819.0	22434.0
-1405	28410.0	25943.0
-1404	31753.0	24017.0
-1403	30172.0	23872.0
-1402	29407.0	22937.0
-1401	28787.0	23981.0
-1400	28158.0	24087.0
-1399	28646.0	22838.0
-1398	30499.0	23187.0
-1397	29007.0	23216.0
-1396	30171.0	23308.0
-1395	29483.0	23700.0
-1394	29209.0	23866.0
-1393	30839.0	22484.0
-1392	29185.0	24281.0
-1391	30300.0	23421.0
-1390	30251.0	24178.0
-1389	29247.0	22703.0
-1388	28725.0	23626.0
-1387	29140.0	22117.0
-1386	28390.0	22226.0
-1385	30146.0	22250.0
-1384	28650.0	23092.0
-1383	29330.0	23673.0
-1382	29450.0	22947.0
-1381	28957.0	23977.0
-1380	29634.0	24143.0
-1379	29131.0	24410.0
-1378	28243.0	22467.0
-1377	29938.0	25038.0
-1376	28053.0	22371.0
-1375	30471.0	23695.0
-1374	30021.0	25073.0
-1373	28909.0	25703.0
-1372	28976.0	26247.0
-1371	30303.0	24803.0
-1370	28733.0	24718.0
-1369	30270.0	25576.0
-1368	31102.0	25163.0
-1367	30631.0	23217.0
-1366	29544.0	25778.0
-1365	31448.0	22814.0
-1364	29890.0	26686.0
-1363	30376.0	24400.0
-1362	28293.0	25320.0
-1361	29764.0	22458.0
-1360	29660.0	24365.0
-1359	28120.0	24853.0
-1358	29571.0	23681.0
-1357	29088.0	22502.0
-1356	29949.0	22223.0
-1355	28599.0	23190.0
-1354	29289.0	23603.0
-1353	29977.0	24867.0
-1352	29889.0	24517.0
-1351	31251.0	23045.0
-1350	32861.0	24025.0
-1349	28557.0	24665.0
-1348	30137.0	24193.0
-1347	30188.0	25434.0
-1346	29994.0	25142.0
-1345	30753.0	24722.0
-1344	30443.0	25917.0
-1343	30568.0	24604.0
-1342	29191.0	24312.0
-1341	29284.0	24963.0
-1340	29866.0	24580.0
-1339	31186.0	23808.0
-1338	29371.0	24247.0
-1337	30338.0	23854.0
-1336	29661.0	24980.0
-1335	31923.0	25249.0
-1334	31694.0	24694.0
-1333	29872.0	27019.0
-1332	30849.0	25569.0
-1331	30724.0	26140.0
-1330	29615.0	26842.0
-1329	31284.0	27379.0
-1328	30782.0	26947.0
-1327	29245.0	25970.0
-1326	30871.0	24367.0
-1325	31533.0	26895.0
-1324	31882.0	24396.0
-1323	31109.0	23386.0
-1322	32648.0	25104.0
-1321	30493.0	24679.0
-1320	31879.0	25392.0
-1319	32182.0	25406.0
-1318	32859.0	24322.0
-1317	33325.0	24957.0
-1316	33487.0	23097.0
-1315	32887.0	24265.0
-1314	33778.0	24800.0
-1313	34001.0	24797.0
-1312	33705.0	24308.0
-1311	33273.0	23102.0
-1310	34548.0	25136.0
-1309	33842.0	23466.0
-1308	33881.0	26865.0
-1307	34535.0	25855.0
-1306	33485.0	27032.0
-1305	32756.0	28649.0
-1304	33063.0	25237.0
-1303	33114.0	27106.0
-1302	33105.0	24503.0
-1301	31341.0	27013.0
-1300	32984.0	27718.0
-1299	33133.0	27388.0
-1298	32288.0	25953.0
-1297	33212.0	27340.0
-1296	30819.0	25923.0
-1295	31860.0	25475.0
-1294	32847.0	25803.0
-1293	32854.0	24748.0
-1292	32466.0	26986.0
-1291	33221.0	25453.0
-1290	32545.0	26001.0
-1289	33216.0	27245.0
-1288	33559.0	27171.0
-1287	34449.0	27802.0
-1286	33277.0	26895.0
-1285	34004.0	26928.0
-1284	33703.0	27913.0
-1283	35151.0	26910.0
-1282	33649.0	26581.0
-1281	35492.0	26000.0
-1280	34053.0	27357.0
-1279	37165.0	29195.0
-1278	33649.0	29490.0
-1277	34165.0	27981.0
-1276	34246.0	29317.0
-1275	34879.0	27280.0
-1274	35609.0	29551.0
-1273	33970.0	28039.0
-1272	34730.0	28080.0
-1271	33199.0	27545.0
-1270	33943.0	28125.0
-1269	35602.0	27412.0
-1268	35308.0	28409.0
-1267	34166.0	27108.0
-1266	34069.0	27742.0
-1265	34008.0	30581.0
-1264	34841.0	29834.0
-1263	32741.0	29499.0
-1262	33383.0	30744.0
-1261	34117.0	28213.0
-1260	33578.0	27567.0
-1259	34177.0	27671.0
-1258	35098.0	28545.0
-1257	34722.0	28185.0
-1256	35343.0	28846.0
-1255	35629.0	28553.0
-1254	33828.0	28634.0
-1253	37177.0	28330.0
-1252	38059.0	27532.0
-1251	35399.0	28958.0
-1250	37178.0	27659.0
-1249	36795.0	28073.0
-1248	38083.0	27297.0
-1247	33917.0	27539.0
-1246	38463.0	27592.0
-1245	36652.0	28131.0
-1244	36250.0	26577.0
-1243	37491.0	28310.0
-1242	37270.0	27976.0
-1241	38547.0	28121.0
-1240	39915.0	26563.0
-1239	40536.0	26471.0
-1238	38002.0	26547.0
-1237	39827.0	26780.0
-1236	39381.0	26862.0
-1235	39242.0	26972.0
-1234	39621.0	28943.0
-1233	39256.0	26561.0
-1232	39950.0	29283.0
-1231	40879.0	27383.0
-1230	39847.0	27859.0
-1229	37738.0	29036.0
-1228	38220.0	27064.0
-1227	38840.0	28837.0
-1226	36018.0	28797.0
-1225	37706.0	27162.0
-1224	39088.0	31166.0
-1223	36690.0	26656.0
-1222	39243.0	29812.0
-1221	36292.0	27336.0
-1220	36616.0	27810.0
-1219	36144.0	28983.0
-1218	36581.0	27233.0
-1217	38184.0	28505.0
-1216	37536.0	29595.0
-1215	37877.0	29223.0
-1214	35575.0	29640.0
-1213	37164.0	28929.0
-1212	34797.0	30011.0
-1211	34522.0	29567.0
-1210	35569.0	29073.0
-1209	35994.0	31241.0
-1208	33311.0	31993.0
-1207	34927.0	30791.0
-1206	34799.0	28825.0
-1205	33436.0	31077.0
-1204	34722.0	28837.0
-1203	34120.0	27978.0
-1202	35413.0	27893.0
-1201	36666.0	28999.0
-1200	35023.0	29155.0
-1199	37504.0	28859.0
-1198	38263.0	28687.0
-1197	36380.0	30599.0
-1196	35255.0	28943.0
-1195	35092.0	30278.0
-1194	35426.0	29839.0
-1193	35175.0	30285.0
-1192	34255.0	29944.0
-1191	35132.0	29953.0
-1190	35400.0	32520.0
-1189	36416.0	30175.0
-1188	36700.0	30915.0
-1187	37465.0	31290.0
-1186	36214.0	30351.0
-1185	36083.0	30350.0
-1184	35714.0	29626.0
-1183	36201.0	30476.0
-1182	36498.0	28845.0
-1181	36976.0	29207.0
-1180	36589.0	30557.0
-1179	36840.0	29754.0
-1178	36584.0	29194.0
-1177	36688.0	30156.0
-1176	36430.0	32084.0
-1175	37018.0	28607.0
-1174	36972.0	29724.0
-1173	39111.0	27502.0
-1172	37563.0	28202.0
-1171	37453.0	27481.0
-1170	39369.0	29437.0
-1169	38242.0	25903.0
-1168	38347.0	29984.0
-1167	38258.0	28231.0
-1166	39083.0	28533.0
-1165	38627.0	31769.0
-1164	39152.0	30428.0
-1163	39367.0	31227.0
-1162	38725.0	31385.0
-1161	40065.0	32534.0
-1160	38055.0	30303.0
-1159	38144.0	30817.0
-1158	36936.0	31314.0
-1157	39006.0	28784.0
-1156	40095.0	32085.0
-1155	38585.0	30697.0
-1154	39229.0	31328.0
-1153	39330.0	31281.0
-1152	40416.0	31296.0
-1151	39163.0	31400.0
-1150	37730.0	31783.0
-1149	38160.0	31024.0
-1148	39191.0	30703.0
-1147	37168.0	30801.0
-1146	38623.0	30874.0
-1145	39172.0	29632.0
-1144	37860.0	30965.0
-1143	40023.0	30389.0
-1142	40910.0	30765.0
-1141	39987.0	32349.0
-1140	41750.0	31322.0
-1139	39899.0	30475.0
-1138	40703.0	32089.0
-1137	39295.0	31591.0
-1136	41834.0	31161.0
-1135	39966.0	33079.0
-1134	40456.0	30751.0
-1133	41769.0	34502.0
-1132	41383.0	33442.0
-1131	41045.0	31696.0
-1130	41559.0	33038.0
-1129	38239.0	30571.0
-1128	39522.0	33802.0
-1127	40259.0	32037.0
-1126	38249.0	31752.0
-1125	39110.0	30848.0
-1124	39114.0	31341.0
-1123	40706.0	31279.0
-1122	42022.0	31331.0
-1121	42019.0	32000.0
-1120	39372.0	31502.0
-1119	41418.0	32455.0
-1118	39283.0	32239.0
-1117	41250.0	32800.0
-1116	39339.0	32620.0
-1115	42251.0	31515.0
-1114	41589.0	32415.0
-1113	38581.0	32436.0
-1112	39860.0	32514.0
-1111	38328.0	33946.0
-1110	40298.0	32839.0
-1109	40673.0	31999.0
-1108	38471.0	33560.0
-1107	39651.0	32786.0
-1106	38243.0	30285.0
-1105	39254.0	32332.0
-1104	39974.0	30969.0
-1103	40435.0	32456.0
-1102	38988.0	30638.0
-1101	37149.0	31077.0
-1100	38299.0	32614.0
-1099	39154.0	31275.0
-1098	39171.0	30929.0
-1097	40053.0	32252.0
-1096	40626.0	30533.0
-1095	40576.0	29832.0
-1094	40367.0	31016.0
-1093	41220.0	30459.0
-1092	39977.0	31375.0
-1091	39924.0	30671.0
-1090	40255.0	31611.0
-1089	38602.0	32637.0
-1088	38695.0	31081.0
-1087	40061.0	33230.0
-1086	39335.0	34703.0
-1085	40444.0	31618.0
-1084	40306.0	32234.0
-1083	39746.0	34491.0
-1082	40837.0	34614.0
-1081	39355.0	32780.0
-1080	39587.0	33021.0
-1079	38839.0	33783.0
-1078	39148.0	33607.0
-1077	37817.0	33204.0
-1076	37441.0	34474.0
-1075	39998.0	31000.0
-1074	37813.0	34871.0
-1073	38295.0	33195.0
-1072	39865.0	34520.0
-1071	38929.0	34542.0
-1070	38008.0	35824.0
-1069	39853.0	34651.0
-1068	38798.0	35096.0
-1067	40473.0	35604.0
-1066	39453.0	33811.0
-1065	39896.0	35273.0
-1064	39090.0	33451.0
-1063	42024.0	35127.0
-1062	38727.0	35690.0
-1061	40672.0	33795.0
-1060	38963.0	36125.0
-1059	37763.0	35074.0
-1058	40726.0	33836.0
-1057	39725.0	35972.0
-1056	39143.0	33559.0
-1055	41454.0	36387.0
-1054	40342.0	35832.0
-1053	40605.0	35952.0
-1052	39947.0	35181.0
-1051	39926.0	35725.0
-1050	41343.0	34157.0
-1049	40483.0	36523.0
-1048	40566.0	35826.0
-1047	42019.0	35783.0
-1046	40755.0	34346.0
-1045	42247.0	34154.0
-1044	42053.0	33700.0
-1043	41329.0	33983.0
-1042	41939.0	31878.0
-1041	40655.0	35963.0
-1040	43472.0	33796.0
-1039	42254.0	34496.0
-1038	42409.0	34501.0
-1037	41347.0	37146.0
-1036	44071.0	34619.0
-1035	42451.0	37256.0
-1034	41146.0	34341.0
-1033	42433.0	36377.0
-1032	42257.0	35192.0
-1031	42975.0	35873.0
-1030	43478.0	37435.0
-1029	42915.0	35498.0
-1028	44716.0	36371.0
-1027	45880.0	36046.0
-1026	43950.0	34749.0
-1025	45835.0	34428.0
-1024	43722.0	33049.0
-1023	44231.0	34788.0
-1022	42938.0	33264.0
-1021	43103.0	34366.0
-1020	42871.0	34325.0
-1019	42061.0	35545.0
-1018	43113.0	34714.0
-1017	41868.0	34077.0
-1016	42413.0	33879.0
-1015	42383.0	34957.0
-1014	43738.0	35059.0
-1013	43092.0	33823.0
-1012	42190.0	35124.0
-1011	43917.0	35779.0
-1010	42611.0	36464.0
-1009	43115.0	36022.0
-1008	42028.0	34249.0
-1007	43510.0	36190.0
-1006	44490.0	36789.0
-1005	43500.0	35966.0
-1004	43268.0	36932.0
-1003	42485.0	39036.0
-1002	41561.0	37379.0
-1001	42804.0	36744.0
-1000	41766.0	37911.0
-999	42728.0	37649.0
-998	41305.0	37002.0
-997	41932.0	36553.0
-996	42121.0	35561.0
-995	41920.0	35057.0
-994	41910.0	35478.0
-993	42018.0	34816.0
-992	40028.0	36646.0
-991	43352.0	35029.0
-990	42705.0	36779.0
-989	42181.0	35532.0
-988	43338.0	35722.0
-987	42160.0	36238.0
-986	42843.0	35742.0
-985	43326.0	37000.0
-984	41820.0	38274.0
-983	43943.0	36849.0
-982	42689.0	37277.0
-981	44225.0	39757.0
-980	41872.0	38709.0
-979	41917.0	40233.0
-978	41202.0	40147.0
-977	42986.0	40359.0
-976	42362.0	39212.0
-975	43898.0	40386.0
-974	44840.0	39861.0
-973	44155.0	40328.0
-972	43902.0	40186.0
-971	46663.0	37110.0
-970	45379.0	38918.0
-969	46856.0	39715.0
-968	45780.0	40815.0
-967	46045.0	36497.0
-966	45916.0	37575.0
-965	46852.0	38498.0
-964	47587.0	38269.0
-963	45416.0	38356.0
-962	44952.0	37183.0
-961	47932.0	39569.0
-960	43996.0	36072.0
-959	45340.0	38437.0
-958	47652.0	38565.0
-957	44733.0	38762.0
-956	47372.0	37471.0
-955	48449.0	37869.0
-954	47793.0	39710.0
-953	44967.0	38333.0
-952	47241.0	38723.0
-951	45761.0	38887.0
-950	45678.0	38866.0
-949	44434.0	37892.0
-948	46220.0	38929.0
-947	45991.0	39245.0
-946	47534.0	38457.0
-945	48266.0	37321.0
-944	49258.0	39359.0
-943	47717.0	37402.0
-942	47959.0	38876.0
-941	48597.0	38056.0
-940	47937.0	37652.0
-939	47399.0	37709.0
-938	49755.0	38319.0
-937	46382.0	37530.0
-936	46643.0	40912.0
-935	47142.0	37056.0
-934	47685.0	40074.0
-933	47645.0	38797.0
-932	47786.0	38098.0
-931	48986.0	39788.0
-930	48024.0	40557.0
-929	47877.0	39959.0
-928	48188.0	40108.0
-927	48906.0	41657.0
-926	47997.0	39687.0
-925	50093.0	42608.0
-924	49936.0	42542.0
-923	47581.0	40667.0
-922	50621.0	42727.0
-921	47791.0	42977.0
-920	48946.0	42294.0
-919	49593.0	41929.0
-918	50041.0	44109.0
-917	49997.0	42079.0
-916	51983.0	45024.0
-915	50486.0	45854.0
-914	51444.0	42641.0
-913	52155.0	46014.0
-912	53046.0	45844.0
-911	54490.0	45103.0
-910	51958.0	46019.0
-909	50584.0	46237.0
-908	51991.0	44147.0
-907	50061.0	46685.0
-906	49189.0	46597.0
-905	49956.0	45127.0
-904	48865.0	49327.0
-903	50544.0	46778.0
-902	48497.0	46310.0
-901	49926.0	48901.0
-900	50280.0	46115.0
-899	52130.0	47012.0
-898	48902.0	47438.0
-897	52456.0	46108.0
-896	51564.0	45975.0
-895	51478.0	44557.0
-894	51141.0	47884.0
-893	50752.0	46907.0
-892	50096.0	45678.0
-891	51950.0	46800.0
-890	52716.0	46689.0
-889	49452.0	48017.0
-888	52066.0	44493.0
-887	50793.0	45344.0
-886	50269.0	45412.0
-885	50876.0	42623.0
-884	50894.0	44365.0
-883	51874.0	43475.0
-882	50517.0	44267.0
-881	51671.0	45197.0
-880	53509.0	44220.0
-879	51431.0	45053.0
-878	50531.0	44406.0
-877	49497.0	44812.0
-876	50400.0	44433.0
-875	50859.0	44442.0
-874	48453.0	44713.0
-873	48496.0	45500.0
-872	48914.0	46521.0
-871	48421.0	46727.0
-870	49412.0	46024.0
-869	46600.0	47619.0
-868	49867.0	47031.0
-867	47613.0	47846.0
-866	48521.0	48127.0
-865	49416.0	46421.0
-864	50797.0	46954.0
-863	51887.0	49274.0
-862	53247.0	48341.0
-861	52082.0	47114.0
-860	52818.0	47690.0
-859	51405.0	49358.0
-858	52348.0	49192.0
-857	51629.0	48333.0
-856	52159.0	48348.0
-855	52265.0	48201.0
-854	53371.0	47846.0
-853	57769.0	49615.0
-852	52072.0	46848.0
-851	53386.0	48517.0
-850	52158.0	52175.0
-849	52944.0	49929.0
-848	52275.0	50539.0
-847	52946.0	51135.0
-846	52596.0	50428.0
-845	53217.0	49965.0
-844	52602.0	50359.0
-843	51807.0	51343.0
-842	52941.0	52587.0
-841	54738.0	49543.0
-840	55891.0	51930.0
-839	51145.0	50262.0
-838	53415.0	50254.0
-837	52709.0	51779.0
-836	53256.0	52431.0
-835	52913.0	53122.0
-834	49757.0	51747.0
-833	53117.0	53559.0
-832	51203.0	52480.0
-831	50975.0	49745.0
-830	52201.0	54640.0
-829	50756.0	51555.0
-828	52097.0	49814.0
-827	53670.0	52056.0
-826	53119.0	50821.0
-825	53238.0	49605.0
-824	55078.0	49501.0
-823	53902.0	52799.0
-822	54469.0	51079.0
-821	55115.0	53786.0
-820	54482.0	52986.0
-819	55432.0	52080.0
-818	52452.0	51999.0
-817	55043.0	53538.0
-816	54585.0	53319.0
-815	54416.0	51465.0
-814	55265.0	52679.0
-813	52729.0	51573.0
-812	56202.0	52368.0
-811	55287.0	51547.0
-810	53474.0	50027.0
-809	54211.0	51233.0
-808	56411.0	51085.0
-807	54220.0	49542.0
-806	56575.0	53672.0
-805	59377.0	53553.0
-804	55692.0	50968.0
-803	56883.0	53685.0
-802	56398.0	53299.0
-801	57684.0	50462.0
-800	56770.0	50806.0
-799	56467.0	52042.0
-798	58325.0	52440.0
-797	54298.0	50882.0
-796	57126.0	54569.0
-795	57707.0	53486.0
-794	57834.0	54165.0
-793	55765.0	52033.0
-792	57907.0	54096.0
-791	55835.0	53752.0
-790	54511.0	53424.0
-789	57330.0	50745.0
-788	58113.0	53335.0
-787	54756.0	53098.0
-786	54780.0	53427.0
-785	55981.0	53999.0
-784	56806.0	53343.0
-783	55494.0	53001.0
-782	54685.0	52199.0
-781	56598.0	53883.0
-780	55890.0	52769.0
-779	57440.0	54046.0
-778	56049.0	55399.0
-777	57095.0	51214.0
-776	55531.0	53918.0
-775	56531.0	52157.0
-774	58454.0	52657.0
-773	56190.0	52832.0
-772	58239.0	54986.0
-771	56264.0	53983.0
-770	58998.0	53589.0
-769	56994.0	56242.0
-768	58733.0	55826.0
-767	57169.0	55819.0
-766	57400.0	56396.0
-765	58355.0	56704.0
-764	54681.0	58298.0
-763	57162.0	57946.0
-762	56250.0	56279.0
-761	57258.0	58670.0
-760	57184.0	57792.0
-759	55633.0	59727.0
-758	57358.0	59249.0
-757	56432.0	60061.0
-756	56531.0	60393.0
-755	56444.0	58352.0
-754	54117.0	58373.0
-753	57649.0	59184.0
-752	55362.0	60593.0
-751	57814.0	59225.0
-750	56942.0	59127.0
-749	56513.0	57443.0
-748	56569.0	59717.0
-747	55006.0	57807.0
-746	55322.0	58415.0
-745	55801.0	59414.0
-744	55030.0	59244.0
-743	54552.0	58208.0
-742	57757.0	62005.0
-741	57608.0	59761.0
-740	56511.0	60687.0
-739	59861.0	57802.0
-738	59072.0	59419.0
-737	60080.0	59195.0
-736	59163.0	58532.0
-735	59314.0	58237.0
-734	57629.0	62994.0
-733	59982.0	61773.0
-732	55919.0	61108.0
-731	59762.0	60939.0
-730	58350.0	63527.0
-729	56607.0	61791.0
-728	58681.0	61288.0
-727	59379.0	62482.0
-726	58313.0	63780.0
-725	60195.0	61153.0
-724	60319.0	62599.0
-723	59164.0	65820.0
-722	60436.0	63169.0
-721	61283.0	63351.0
-720	58563.0	63923.0
-719	57626.0	64470.0
-718	56886.0	63610.0
-717	58952.0	61353.0
-716	57255.0	64220.0
-715	59144.0	62440.0
-714	56395.0	63477.0
-713	61954.0	65166.0
-712	60763.0	63858.0
-711	57940.0	64593.0
-710	61015.0	67097.0
-709	59179.0	67476.0
-708	61135.0	64777.0
-707	60365.0	66831.0
-706	61006.0	65662.0
-705	58455.0	67667.0
-704	59695.0	63808.0
-703	61721.0	67122.0
-702	59936.0	66935.0
-701	60555.0	65049.0
-700	59331.0	63943.0
-699	62905.0	64160.0
-698	61570.0	64683.0
-697	63099.0	63391.0
-696	63217.0	64193.0
-695	62467.0	66502.0
-694	63269.0	66354.0
-693	61990.0	66930.0
-692	61947.0	69451.0
-691	62035.0	67796.0
-690	65095.0	68029.0
-689	64827.0	70257.0
-688	62607.0	68194.0
-687	65278.0	68007.0
-686	64485.0	67994.0
-685	64319.0	66554.0
-684	64750.0	68339.0
-683	62312.0	68829.0
-682	63877.0	68936.0
-681	64509.0	64680.0
-680	65767.0	67796.0
-679	62904.0	66155.0
-678	62758.0	66643.0
-677	63606.0	66566.0
-676	62230.0	68750.0
-675	64020.0	68636.0
-674	61766.0	69243.0
-673	64151.0	69275.0
-672	63841.0	68199.0
-671	62724.0	69578.0
-670	64817.0	71019.0
-669	63867.0	69718.0
-668	65378.0	69050.0
-667	65697.0	71055.0
-666	63160.0	72360.0
-665	62799.0	70189.0
-664	62698.0	70169.0
-663	62602.0	71466.0
-662	62461.0	69929.0
-661	62822.0	72487.0
-660	62164.0	71307.0
-659	62384.0	72169.0
-658	60370.0	73176.0
-657	63770.0	71428.0
-656	62834.0	70612.0
-655	61211.0	69815.0
-654	63231.0	67956.0
-653	61988.0	71505.0
-652	61740.0	71016.0
-651	62240.0	69832.0
-650	63234.0	71795.0
-649	63012.0	70819.0
-648	62084.0	71739.0
-647	63370.0	70844.0
-646	62574.0	72570.0
-645	65067.0	70228.0
-644	63966.0	73898.0
-643	62434.0	72054.0
-642	61881.0	73779.0
-641	62458.0	73708.0
-640	59980.0	75467.0
-639	63636.0	73134.0
-638	61235.0	76058.0
-637	64406.0	78697.0
-636	63329.0	76274.0
-635	64999.0	76885.0
-634	65175.0	76724.0
-633	61970.0	76273.0
-632	64678.0	75214.0
-631	62767.0	77834.0
-630	62763.0	77714.0
-629	62973.0	76417.0
-628	59028.0	76861.0
-627	59140.0	74849.0
-626	62697.0	75908.0
-625	62466.0	79237.0
-624	61646.0	73331.0
-623	63752.0	75565.0
-622	64146.0	75560.0
-621	63999.0	78731.0
-620	64988.0	77412.0
-619	66782.0	75543.0
-618	64708.0	75083.0
-617	65091.0	75969.0
-616	64615.0	78480.0
-615	65628.0	77978.0
-614	66095.0	77755.0
-613	64691.0	80165.0
-612	65018.0	78591.0
-611	67734.0	80636.0
-610	68196.0	82633.0
-609	67062.0	80268.0
-608	67446.0	80297.0
-607	69011.0	80919.0
-606	66043.0	81904.0
-605	67819.0	79966.0
-604	66657.0	81600.0
-603	69398.0	82297.0
-602	69826.0	83195.0
-601	68973.0	83393.0
-600	67170.0	86642.0
-599	69000.0	88306.0
-598	69578.0	82090.0
-597	67045.0	86657.0
-596	66709.0	84148.0
-595	69622.0	85256.0
-594	66832.0	85671.0
-593	65132.0	84375.0
-592	67620.0	84945.0
-591	69185.0	86935.0
-590	67507.0	85822.0
-589	65558.0	83726.0
-588	67372.0	86015.0
-587	69929.0	85714.0
-586	68383.0	87034.0
-585	67882.0	87224.0
-584	66665.0	85131.0
-583	67480.0	86931.0
-582	66284.0	87593.0
-581	66508.0	86568.0
-580	67818.0	87823.0
-579	67761.0	85236.0
-578	65820.0	90386.0
-577	66613.0	86520.0
-576	68240.0	89472.0
-575	69725.0	87765.0
-574	68026.0	87843.0
-573	66460.0	91467.0
-572	67995.0	90504.0
-571	70596.0	91995.0
-570	68574.0	92439.0
-569	67523.0	91840.0
-568	68733.0	92365.0
-567	70442.0	91255.0
-566	68438.0	94729.0
-565	70957.0	91245.0
-564	69796.0	92162.0
-563	69802.0	93978.0
-562	71355.0	92131.0
-561	69646.0	94274.0
-560	71210.0	94591.0
-559	69285.0	92627.0
-558	69760.0	92866.0
-557	69623.0	93997.0
-556	70044.0	95068.0
-555	68954.0	94722.0
-554	71963.0	96050.0
-553	71047.0	97616.0
-552	70808.0	95977.0
-551	69865.0	96805.0
-550	70139.0	94652.0
-549	71047.0	95016.0
-548	73635.0	95663.0
-547	71069.0	98565.0
-546	71068.0	100156.0
-545	69170.0	98905.0
-544	74231.0	98476.0
-543	69165.0	101992.0
-542	73228.0	101127.0
-541	73117.0	101135.0
-540	72290.0	100034.0
-539	70861.0	99454.0
-538	73946.0	99488.0
-537	71106.0	101975.0
-536	72951.0	99284.0
-535	71196.0	101983.0
-534	71985.0	102651.0
-533	71543.0	104948.0
-532	71794.0	104302.0
-531	71882.0	105075.0
-530	69841.0	104976.0
-529	71386.0	103624.0
-528	69718.0	107253.0
-527	70925.0	107028.0
-526	72091.0	107264.0
-525	69895.0	103516.0
-524	74682.0	105553.0
-523	71169.0	107335.0
-522	71930.0	105855.0
-521	72413.0	106883.0
-520	74389.0	105581.0
-519	72918.0	108855.0
-518	71412.0	104692.0
-517	73790.0	105319.0
-516	74358.0	108042.0
-515	72442.0	106607.0
-514	72633.0	108078.0
-513	70847.0	110575.0
-512	75259.0	108065.0
-511	76147.0	105472.0
-510	76244.0	108051.0
-509	73982.0	109811.0
-508	75342.0	110832.0
-507	75942.0	108177.0
-506	71855.0	111202.0
-505	73428.0	106180.0
-504	75882.0	109409.0
-503	74130.0	113567.0
-502	76716.0	107116.0
-501	76078.0	107482.0
-500	74226.0	107863.0
-499	74394.0	110638.0
-498	72393.0	109919.0
-497	74826.0	113038.0
-496	74553.0	111860.0
-495	71816.0	112717.0
-494	74014.0	111151.0
-493	74290.0	113127.0
-492	73656.0	110355.0
-491	74167.0	112266.0
-490	74483.0	110589.0
-489	78279.0	109505.0
-488	73699.0	111498.0
-487	75438.0	110936.0
-486	77018.0	110531.0
-485	73000.0	111219.0
-484	74763.0	113456.0
-483	74915.0	113097.0
-482	76364.0	117094.0
-481	76921.0	110788.0
-480	73708.0	116701.0
-479	74913.0	117253.0
-478	77106.0	115594.0
-477	77505.0	116606.0
-476	75115.0	120161.0
-475	76986.0	117456.0
-474	75560.0	124186.0
-473	75884.0	120486.0
-472	74955.0	122690.0
-471	74913.0	125825.0
-470	77167.0	126444.0
-469	76783.0	125394.0
-468	77646.0	125499.0
-467	77531.0	129138.0
-466	76121.0	127382.0
-465	77964.0	124374.0
-464	74799.0	130818.0
-463	78637.0	128530.0
-462	75294.0	128985.0
-461	77521.0	129157.0
-460	78132.0	128287.0
-459	75541.0	127624.0
-458	76330.0	128148.0
-457	76601.0	128479.0
-456	76862.0	126391.0
-455	75176.0	127159.0
-454	75510.0	129075.0
-453	79230.0	128083.0
-452	73809.0	130313.0
-451	76420.0	124642.0
-450	78424.0	129925.0
-449	76209.0	127850.0
-448	76128.0	130140.0
-447	76594.0	129986.0
-446	78455.0	131836.0
-445	77574.0	132982.0
-444	75143.0	135242.0
-443	78388.0	130717.0
-442	79020.0	135802.0
-441	77038.0	134824.0
-440	76330.0	132391.0
-439	75947.0	140068.0
-438	76899.0	137610.0
-437	76572.0	136548.0
-436	75361.0	138352.0
-435	76241.0	137806.0
-434	75565.0	136249.0
-433	75725.0	141385.0
-432	76676.0	141648.0
-431	73659.0	138758.0
-430	75981.0	142144.0
-429	76061.0	140453.0
-428	76987.0	143527.0
-427	76695.0	142181.0
-426	77337.0	141785.0
-425	75251.0	142906.0
-424	75922.0	146666.0
-423	75425.0	141126.0
-422	76158.0	143449.0
-421	76049.0	143288.0
-420	75666.0	140940.0
-419	75540.0	147387.0
-418	75633.0	146905.0
-417	75468.0	147048.0
-416	76258.0	145699.0
-415	75093.0	148370.0
-414	73998.0	152579.0
-413	77159.0	150567.0
-412	73724.0	152669.0
-411	76707.0	148630.0
-410	78880.0	156668.0
-409	77644.0	151991.0
-408	77829.0	157826.0
-407	79302.0	156209.0
-406	78793.0	158856.0
-405	78172.0	157633.0
-404	78764.0	158676.0
-403	79563.0	162399.0
-402	81328.0	161220.0
-401	77746.0	160990.0
-400	77941.0	156200.0
-399	77590.0	159691.0
-398	79209.0	157698.0
-397	79718.0	161874.0
-396	79345.0	163989.0
-395	78246.0	162344.0
-394	79427.0	159421.0
-393	80916.0	164488.0
-392	81924.0	164355.0
-391	79858.0	166314.0
-390	81945.0	168904.0
-389	80283.0	168447.0
-388	81000.0	174374.0
-387	78542.0	169666.0
-386	78311.0	174768.0
-385	80949.0	174466.0
-384	79417.0	173155.0
-383	81840.0	171380.0
-382	83928.0	169630.0
-381	82944.0	171604.0
-380	82059.0	168403.0
-379	83014.0	169870.0
-378	81187.0	173423.0
-377	80321.0	169780.0
-376	84136.0	171577.0
-375	78953.0	173880.0
-374	82041.0	172116.0
-373	81782.0	174029.0
-372	85602.0	175115.0
-371	84267.0	173116.0
-370	87561.0	174292.0
-369	85470.0	179476.0
-368	82482.0	179167.0
-367	84501.0	179969.0
-366	83266.0	181840.0
-365	86819.0	181005.0
-364	85465.0	184558.0
-363	84167.0	184925.0
-362	87746.0	184188.0
-361	88887.0	184808.0
-360	86512.0	184106.0
-359	91785.0	184241.0
-358	91540.0	187227.0
-357	88028.0	187756.0
-356	89582.0	188958.0
-355	88812.0	183634.0
-354	92714.0	185222.0
-353	91806.0	184830.0
-352	91639.0	183695.0
-351	93192.0	186887.0
-350	93110.0	187541.0
-349	94458.0	185446.0
-348	93435.0	189458.0
-347	91477.0	191446.0
-346	92441.0	191063.0
-345	92501.0	197563.0
-344	97738.0	195255.0
-343	96875.0	194360.0
-342	98719.0	195602.0
-341	98611.0	199751.0
-340	101829.0	197856.0
-339	97545.0	198945.0
-338	99735.0	197018.0
-337	100546.0	202717.0
-336	98939.0	204506.0
-335	99853.0	202801.0
-334	97121.0	202950.0
-333	95868.0	205034.0
-332	101723.0	203611.0
-331	95549.0	204612.0
-330	97717.0	207834.0
-329	97588.0	207274.0
-328	97732.0	209624.0
-327	95769.0	210951.0
-326	94746.0	208411.0
-325	97837.0	211783.0
-324	94850.0	215625.0
-323	96404.0	217789.0
-322	98143.0	214088.0
-321	96045.0	216429.0
-320	96629.0	219406.0
-319	97281.0	221823.0
-318	96035.0	214158.0
-317	95751.0	217829.0
-316	93663.0	216717.0
-315	96017.0	225553.0
-314	96449.0	226165.0
-313	94809.0	227415.0
-312	95022.0	223141.0
-311	97448.0	229873.0
-310	96389.0	223676.0
-309	95657.0	223297.0
-308	95715.0	225644.0
-307	99912.0	222872.0
-306	99136.0	223434.0
-305	96551.0	219993.0
-304	97117.0	228352.0
-303	98603.0	230026.0
-302	100095.0	218530.0
-301	98548.0	230866.0
-300	100145.0	226243.0
-299	99769.0	226110.0
-298	103250.0	226740.0
-297	99917.0	230045.0
-296	99144.0	231402.0
-295	98344.0	228288.0
-294	98239.0	235616.0
-293	100948.0	235183.0
-292	97353.0	235833.0
-291	100617.0	230990.0
-290	96125.0	237429.0
-289	102042.0	238345.0
-288	99948.0	238732.0
-287	98577.0	243180.0
-286	100919.0	245955.0
-285	103974.0	245162.0
-284	101061.0	241579.0
-283	101146.0	248785.0
-282	102647.0	246062.0
-281	100418.0	246613.0
-280	102787.0	245876.0
-279	100279.0	245307.0
-278	101674.0	250438.0
-277	100916.0	245852.0
-276	98417.0	247021.0
-275	99834.0	246611.0
-274	102689.0	246466.0
-273	101163.0	244016.0
-272	101955.0	249080.0
-271	100944.0	250397.0
-270	100955.0	252844.0
-269	102753.0	256104.0
-268	101357.0	261831.0
-267	101065.0	262529.0
-266	103726.0	264123.0
-265	104756.0	259459.0
-264	101891.0	268681.0
-263	103917.0	263867.0
-262	106026.0	264625.0
-261	104918.0	270048.0
-260	105266.0	269859.0
-259	104177.0	269383.0
-258	103913.0	271776.0
-257	106444.0	269515.0
-256	105505.0	272635.0
-255	106428.0	275087.0
-254	110314.0	270717.0
-253	106928.0	275412.0
-252	107646.0	272316.0
-251	108167.0	272016.0
-250	102400.0	282676.0
-249	103824.0	277124.0
-248	104352.0	281389.0
-247	101666.0	284367.0
-246	101366.0	278556.0
-245	102533.0	285142.0
-244	101552.0	284459.0
-243	101195.0	285057.0
-242	101889.0	281520.0
-241	103070.0	288629.0
-240	101677.0	287595.0
-239	101095.0	294748.0
-238	102546.0	291668.0
-237	101284.0	290605.0
-236	103059.0	296766.0
-235	101670.0	295128.0
-234	99895.0	297643.0
-233	103485.0	302648.0
-232	101754.0	292496.0
-231	103848.0	297798.0
-230	104013.0	294554.0
-229	104396.0	299744.0
-228	104368.0	304415.0
-227	106209.0	300732.0
-226	108149.0	309369.0
-225	103682.0	300944.0
-224	104137.0	303133.0
-223	104010.0	305114.0
-222	103629.0	310476.0
-221	103273.0	311963.0
-220	101236.0	316364.0
-219	102950.0	317442.0
-218	101026.0	321174.0
-217	102105.0	319172.0
-216	102693.0	325845.0
-215	102997.0	326512.0
-214	103439.0	323953.0
-213	103154.0	332125.0
-212	101487.0	328168.0
-211	100133.0	334239.0
-210	100143.0	341935.0
-209	100351.0	337570.0
-208	98824.0	335163.0
-207	97840.0	336210.0
-206	100183.0	343092.0
-205	103091.0	343469.0
-204	100030.0	344221.0
-203	100930.0	348438.0
-202	98701.0	340791.0
-201	101567.0	342925.0
-200	97025.0	350939.0
-199	99019.0	349544.0
-198	100373.0	354221.0
-197	98934.0	356638.0
-196	100645.0	355572.0
-195	100363.0	350690.0
-194	98737.0	364771.0
-193	100410.0	355066.0
-192	98156.0	356887.0
-191	97589.0	362514.0
-190	94775.0	362356.0
-189	95254.0	370541.0
-188	98538.0	367029.0
-187	95584.0	369932.0
-186	99135.0	375167.0
-185	99177.0	383331.0
-184	96241.0	374965.0
-183	100875.0	385336.0
-182	96709.0	380852.0
-181	96665.0	387674.0
-180	94518.0	384899.0
-179	94713.0	387313.0
-178	93566.0	386386.0
-177	96940.0	383042.0
-176	93585.0	385515.0
-175	96559.0	384228.0
-174	97162.0	390458.0
-173	95185.0	385987.0
-172	96321.0	394890.0
-171	97819.0	387724.0
-170	95003.0	395333.0
-169	98016.0	390153.0
-168	99432.0	389818.0
-167	96383.0	393438.0
-166	99341.0	393654.0
-165	97627.0	393733.0
-164	97066.0	404891.0
-163	100541.0	395213.0
-162	94539.0	407943.0
-161	98726.0	397477.0
-160	99552.0	406934.0
-159	99975.0	406621.0
-158	99431.0	402179.0
-157	106695.0	407993.0
-156	100736.0	400204.0
-155	102443.0	404639.0
-154	100669.0	403239.0
-153	101418.0	401811.0
-152	100205.0	406109.0
-151	103594.0	399265.0
-150	105312.0	401810.0
-149	103889.0	409399.0
-148	103885.0	402114.0
-147	107334.0	409267.0
-146	106255.0	403448.0
-145	110701.0	407638.0
-144	109936.0	401686.0
-143	110841.0	400471.0
-142	110331.0	403475.0
-141	113443.0	398556.0
-140	113368.0	417208.0
-139	111560.0	398390.0
-138	114352.0	407966.0
-137	113697.0	399989.0
-136	117820.0	408079.0
-135	114028.0	402431.0
-134	114699.0	394781.0
-133	115186.0	401568.0
-132	114838.0	388239.0
-131	116744.0	397267.0
-130	116963.0	401156.0
-129	119984.0	388675.0
-128	119468.0	395149.0
-127	123952.0	399817.0
-126	122836.0	393164.0
-125	125981.0	390333.0
-124	124796.0	386670.0
-123	128652.0	383618.0
-122	126996.0	375153.0
-121	133239.0	382023.0
-120	132668.0	380917.0
-119	136195.0	385003.0
-118	137098.0	375969.0
-117	137772.0	382846.0
-116	138700.0	376516.0
-115	143303.0	373134.0
-114	139524.0	365742.0
-113	142267.0	367470.0
-112	144432.0	354979.0
-111	146245.0	367071.0
-110	149191.0	363432.0
-109	150267.0	361479.0
-108	153002.0	367904.0
-107	152275.0	358471.0
-106	153282.0	354900.0
-105	158122.0	355676.0
-104	159544.0	346691.0
-103	167564.0	337258.0
-102	162950.0	337076.0
-101	166814.0	324686.0
-100	169018.0	326951.0
-99	168822.0	324680.0
-98	172665.0	319450.0
-97	172857.0	314935.0
-96	177844.0	308789.0
-95	179487.0	308838.0
-94	184682.0	300364.0
-93	187927.0	295483.0
-92	193822.0	288013.0
-91	198744.0	287245.0
-90	196674.0	281818.0
-89	196958.0	276599.0
-88	200249.0	275954.0
-87	199251.0	269748.0
-86	207776.0	271055.0
-85	209715.0	259835.0
-84	217998.0	261258.0
-83	225016.0	248506.0
-82	223555.0	246533.0
-81	230676.0	237075.0
-80	231209.0	239895.0
-79	237188.0	237632.0
-78	237083.0	232966.0
-77	241508.0	233554.0
-76	245655.0	221578.0
-75	256015.0	222081.0
-74	259293.0	216102.0
-73	265741.0	206865.0
-72	269783.0	201530.0
-71	275409.0	200042.0
-70	283022.0	193800.0
-69	287335.0	186400.0
-68	294921.0	190003.0
-67	302614.0	182828.0
-66	317417.0	177277.0
-65	329102.0	178325.0
-64	340907.0	169400.0
-63	354951.0	168335.0
-62	362743.0	159699.0
-61	371862.0	160338.0
-60	372860.0	157486.0
-59	375255.0	151283.0
-58	384714.0	151676.0
-57	385489.0	150172.0
-56	403393.0	145568.0
-55	406221.0	143604.0
-54	427882.0	138169.0
-53	444556.0	137442.0
-52	453140.0	131762.0
-51	480038.0	121087.0
-50	489247.0	116869.0
-49	492116.0	109748.0
-48	498761.0	107396.0
-47	491841.0	103714.0
-46	504374.0	98556.0
-45	504573.0	95851.0
-44	522453.0	94219.0
-43	545577.0	88435.0
-42	565220.0	84219.0
-41	599726.0	86458.0
-40	618764.0	80415.0
-39	626913.0	78693.0
-38	647464.0	79364.0
-37	668487.0	75956.0
-36	694425.0	78195.0
-35	726775.0	76324.0
-34	765677.0	74488.0
-33	800031.0	73125.0
-32	836003.0	73711.0
-31	884330.0	72565.0
-30	934273.0	74400.0
-29	952963.0	70678.0
-28	991008.0	75369.0
-27	995685.0	75150.0
-26	963705.0	77144.0
-25	927201.0	77597.0
-24	954544.0	74643.0
-23	966553.0	70609.0
-22	1031448.0	64471.0
-21	1091182.0	58965.0
-20	1098944.0	56066.0
-19	1106834.0	52210.0
-18	1167964.0	52987.0
-17	1119167.0	50157.0
-16	1174429.0	50269.0
-15	1178314.0	54401.0
-14	1259356.0	51176.0
-13	1305804.0	51476.0
-12	1410951.0	46712.0
-11	1475639.0	49850.0
-10	1582273.0	49249.0
-9	1614655.0	51457.0
-8	1655185.0	49805.0
-7	1736198.0	49035.0
-6	1888409.0	49244.0
-5	1941185.0	49678.0
-4	2158340.0	56128.0
-3	2841348.0	51308.0
-2	3026190.0	32911.0
-1	2363693.0	100270.0
0	9777105.0	16506.0
1	2494467.0	71282.0
2	3130818.0	71281.0
3	2943157.0	61583.0
4	2234251.0	73259.0
5	2015147.0	81614.0
6	1958056.0	72601.0
7	1756380.0	74298.0
8	1688471.0	76358.0
9	1629923.0	82783.0
10	1612565.0	79103.0
11	1508721.0	76860.0
12	1445725.0	68277.0
13	1343808.0	66333.0
14	1287638.0	67847.0
15	1223689.0	67838.0
16	1215051.0	70663.0
17	1174350.0	73730.0
18	1180875.0	66461.0
19	1142874.0	62886.0
20	1121522.0	63449.0
21	1108474.0	63369.0
22	1053431.0	63253.0
23	998418.0	62651.0
24	986504.0	62282.0
25	964284.0	64264.0
26	1004494.0	67281.0
27	1049847.0	63775.0
28	1003936.0	58184.0
29	993264.0	55910.0
30	959498.0	56395.0
31	902969.0	53246.0
32	842972.0	51601.0
33	819681.0	53081.0
34	800170.0	52901.0
35	750624.0	52522.0
36	729450.0	53540.0
37	699455.0	54717.0
38	675016.0	54158.0
39	648123.0	54114.0
40	639430.0	52939.0
41	623335.0	54175.0
42	599888.0	52180.0
43	576604.0	53011.0
44	553040.0	50348.0
45	531130.0	52901.0
46	531018.0	52735.0
47	518979.0	50351.0
48	523194.0	48589.0
49	517548.0	47310.0
50	507340.0	47539.0
51	493619.0	45304.0
52	482013.0	47222.0
53	463605.0	48305.0
54	455132.0	50942.0
55	431922.0	53684.0
56	428683.0	55434.0
57	414908.0	58834.0
58	398388.0	58384.0
59	401651.0	58508.0
60	399192.0	58631.0
61	385322.0	56919.0
62	383219.0	54121.0
63	370307.0	53506.0
64	361650.0	53199.0
65	348466.0	54176.0
66	326965.0	54022.0
67	319964.0	55463.0
68	308658.0	56572.0
69	302151.0	54241.0
70	294372.0	55545.0
71	290836.0	53802.0
72	283007.0	53558.0
73	275724.0	53874.0
74	267443.0	53844.0
75	267885.0	53279.0
76	256228.0	51781.0
77	251509.0	49764.0
78	247701.0	50711.0
79	253035.0	50133.0
80	242601.0	49678.0
81	244320.0	48823.0
82	239276.0	49047.0
83	231979.0	48560.0
84	228622.0	50480.0
85	224034.0	48896.0
86	220669.0	50871.0
87	214891.0	51578.0
88	211148.0	50980.0
89	206277.0	49627.0
90	208024.0	49873.0
91	207549.0	50672.0
92	196946.0	50174.0
93	203321.0	49720.0
94	191964.0	51387.0
95	189749.0	50070.0
96	187405.0	50491.0
97	180103.0	48804.0
98	179845.0	50519.0
99	173178.0	50103.0
100	176479.0	50473.0
101	170277.0	49493.0
102	170590.0	49944.0
103	166629.0	50905.0
104	161877.0	50784.0
105	159574.0	51941.0
106	159007.0	51859.0
107	158802.0	52130.0
108	155301.0	54388.0
109	153640.0	51501.0
110	151394.0	53332.0
111	150293.0	53864.0
112	144842.0	53221.0
113	144843.0	53648.0
114	144676.0	54950.0
115	140430.0	54384.0
116	139122.0	55300.0
117	141492.0	54346.0
118	135487.0	55543.0
119	136767.0	56895.0
120	136289.0	56119.0
121	130803.0	55254.0
122	131319.0	53982.0
123	132784.0	56273.0
124	129913.0	55430.0
125	128263.0	55536.0
126	126767.0	55133.0
127	124400.0	55481.0
128	125773.0	56171.0
129	123142.0	55316.0
130	122633.0	56225.0
131	119833.0	55855.0
132	121488.0	56758.0
133	119383.0	58468.0
134	117433.0	58966.0
135	118730.0	58230.0
136	115816.0	61120.0
137	115304.0	59980.0
138	116807.0	56767.0
139	115975.0	61373.0
140	113738.0	60591.0
141	112256.0	61526.0
142	113380.0	62030.0
143	113870.0	64535.0
144	111059.0	62502.0
145	112477.0	64205.0
146	109458.0	64689.0
147	107840.0	64555.0
148	107592.0	64379.0
149	104442.0	65674.0
150	108103.0	65229.0
151	104577.0	67545.0
152	103793.0	68856.0
153	101536.0	69611.0
154	105117.0	69436.0
155	103023.0	69995.0
156	103805.0	69830.0
157	100371.0	69347.0
158	103780.0	69165.0
159	102035.0	68967.0
160	99617.0	72616.0
161	97166.0	72816.0
162	97944.0	74847.0
163	97780.0	72509.0
164	100466.0	76571.0
165	100236.0	72006.0
166	100180.0	73602.0
167	98073.0	75921.0
168	100394.0	75450.0
169	98142.0	76011.0
170	98890.0	77446.0
171	97220.0	78627.0
172	94520.0	78433.0
173	99629.0	79321.0
174	96284.0	80182.0
175	95532.0	83571.0
176	95486.0	81444.0
177	98883.0	79246.0
178	95525.0	84692.0
179	97752.0	85809.0
180	97744.0	84949.0
181	94146.0	86187.0
182	96434.0	87351.0
183	97171.0	88039.0
184	98804.0	88003.0
185	98881.0	91417.0
186	96691.0	87958.0
187	98659.0	90489.0
188	94663.0	92809.0
189	95403.0	94160.0
190	95165.0	95352.0
191	94672.0	94556.0
192	95803.0	97712.0
193	94653.0	94620.0
194	95511.0	99424.0
195	94740.0	99140.0
196	97796.0	97121.0
197	95130.0	100194.0
198	96066.0	98641.0
199	92674.0	97854.0
200	94612.0	100101.0
201	96113.0	99463.0
202	95775.0	103561.0
203	96656.0	104887.0
204	94324.0	105280.0
205	97155.0	104653.0
206	95801.0	106287.0
207	96922.0	105030.0
208	96661.0	107408.0
209	96724.0	107252.0
210	95260.0	111649.0
211	97675.0	113933.0
212	96127.0	114892.0
213	98467.0	115562.0
214	96574.0	116374.0
215	97823.0	117179.0
216	97736.0	116807.0
217	97272.0	116757.0
218	96698.0	118827.0
219	92647.0	120449.0
220	96919.0	119661.0
221	96519.0	120161.0
222	94151.0	122281.0
223	98041.0	126219.0
224	98135.0	122794.0
225	95726.0	125997.0
226	94926.0	124572.0
227	95994.0	120197.0
228	95402.0	124544.0
229	93914.0	123685.0
230	98449.0	125024.0
231	96415.0	127176.0
232	96656.0	127066.0
233	96982.0	127928.0
234	95298.0	125013.0
235	95741.0	127418.0
236	96003.0	123758.0
237	99654.0	122148.0
238	95180.0	121939.0
239	98747.0	121121.0
240	95382.0	125254.0
241	97018.0	126278.0
242	94740.0	122382.0
243	94205.0	124183.0
244	93480.0	122290.0
245	94668.0	119292.0
246	96845.0	117170.0
247	93372.0	120274.0
248	94205.0	115705.0
249	94548.0	113370.0
250	94169.0	117930.0
251	93293.0	118011.0
252	94776.0	118253.0
253	94117.0	119702.0
254	94368.0	118784.0
255	95113.0	111283.0
256	92374.0	113772.0
257	92709.0	106431.0
258	91484.0	105926.0
259	88649.0	105748.0
260	91753.0	104168.0
261	91266.0	105228.0
262	94661.0	103791.0
263	94037.0	106143.0
264	92632.0	103988.0
265	93964.0	101820.0
266	95026.0	101942.0
267	95855.0	98011.0
268	95719.0	96695.0
269	95761.0	97494.0
270	97223.0	96962.0
271	95512.0	97971.0
272	94430.0	97815.0
273	96310.0	94899.0
274	93961.0	96796.0
275	93263.0	94330.0
276	95573.0	95201.0
277	92243.0	95052.0
278	93943.0	93705.0
279	92863.0	92113.0
280	96102.0	94790.0
281	93659.0	91896.0
282	93602.0	90972.0
283	91888.0	93441.0
284	95276.0	90248.0
285	96267.0	86693.0
286	93352.0	88763.0
287	94418.0	88162.0
288	96697.0	86724.0
289	94645.0	88335.0
290	93372.0	88222.0
291	95018.0	84252.0
292	90863.0	86021.0
293	93431.0	87459.0
294	93588.0	84317.0
295	94393.0	85570.0
296	93377.0	85488.0
297	94688.0	81918.0
298	95944.0	87220.0
299	92850.0	85679.0
300	97592.0	82613.0
301	97468.0	86333.0
302	92358.0	85727.0
303	99253.0	85990.0
304	93762.0	88466.0
305	95019.0	86357.0
306	95187.0	85422.0
307	96117.0	87208.0
308	95493.0	85760.0
309	93388.0	88736.0
310	93573.0	87436.0
311	91562.0	86643.0
312	95725.0	89283.0
313	90472.0	87331.0
314	92541.0	87120.0
315	92682.0	86187.0
316	95542.0	89389.0
317	93240.0	86730.0
318	94165.0	84607.0
319	95806.0	87663.0
320	94668.0	84986.0
321	94763.0	89608.0
322	91221.0	92096.0
323	93261.0	91901.0
324	98452.0	89644.0
325	99500.0	94122.0
326	92798.0	93580.0
327	97087.0	93915.0
328	95803.0	94992.0
329	95421.0	94864.0
330	93875.0	96442.0
331	94850.0	92583.0
332	92263.0	95105.0
333	91665.0	93546.0
334	95587.0	96426.0
335	93163.0	95696.0
336	94220.0	95000.0
337	93019.0	98655.0
338	93791.0	98073.0
339	92700.0	97116.0
340	90902.0	98789.0
341	92221.0	99958.0
342	89234.0	95731.0
343	91375.0	100461.0
344	91089.0	99610.0
345	89205.0	98103.0
346	89491.0	97156.0
347	93408.0	100584.0
348	92625.0	101299.0
349	94056.0	100549.0
350	96179.0	100144.0
351	94066.0	103428.0
352	94220.0	102032.0
353	92040.0	105954.0
354	93705.0	102399.0
355	92266.0	106099.0
356	93001.0	105322.0
357	90937.0	104299.0
358	94595.0	107947.0
359	92159.0	105656.0
360	94274.0	109390.0
361	90155.0	100910.0
362	91075.0	103817.0
363	93092.0	105960.0
364	90668.0	106432.0
365	89202.0	106556.0
366	91966.0	103493.0
367	90400.0	104437.0
368	90526.0	105681.0
369	89076.0	105195.0
370	85574.0	105804.0
371	88848.0	105034.0
372	90911.0	103542.0
373	86887.0	108759.0
374	87943.0	109010.0
375	88514.0	108278.0
376	90897.0	107005.0
377	85663.0	105560.0
378	89264.0	109810.0
379	87449.0	104284.0
380	88724.0	110050.0
381	91751.0	107195.0
382	91852.0	105357.0
383	86930.0	107600.0
384	90272.0	108425.0
385	92115.0	107599.0
386	90532.0	108925.0
387	91020.0	113646.0
388	91273.0	105413.0
389	90057.0	108737.0
390	90789.0	111834.0
391	88859.0	108432.0
392	89644.0	110264.0
393	90635.0	111195.0
394	87739.0	112817.0
395	89588.0	110949.0
396	85041.0	113714.0
397	90302.0	112534.0
398	87103.0	111213.0
399	86251.0	109530.0
400	88893.0	109435.0
401	87992.0	108016.0
402	89074.0	112355.0
403	90191.0	108456.0
404	85223.0	109162.0
405	88913.0	111304.0
406	89408.0	108456.0
407	84358.0	110788.0
408	86057.0	107647.0
409	84831.0	109105.0
410	85194.0	107685.0
411	86018.0	109156.0
412	87671.0	111908.0
413	85955.0	110134.0
414	84308.0	110675.0
415	84141.0	112252.0
416	87593.0	111761.0
417	87073.0	115686.0
418	87651.0	110923.0
419	83942.0	115111.0
420	85519.0	112390.0
421	83109.0	112830.0
422	81468.0	112936.0
423	82644.0	115196.0
424	83831.0	112673.0
425	82871.0	113575.0
426	84049.0	112596.0
427	82975.0	114264.0
428	81367.0	115657.0
429	83222.0	115031.0
430	83254.0	113020.0
431	79729.0	113569.0
432	79917.0	112770.0
433	80471.0	109429.0
434	79880.0	110729.0
435	78970.0	109338.0
436	80190.0	108945.0
437	80369.0	111609.0
438	78692.0	110277.0
439	80325.0	109292.0
440	78628.0	107083.0
441	79236.0	109126.0
442	78235.0	107368.0
443	80138.0	107141.0
444	79858.0	109033.0
445	79212.0	106885.0
446	80504.0	106894.0
447	79925.0	107262.0
448	78620.0	108597.0
449	77613.0	110603.0
450	78037.0	111154.0
451	76958.0	107201.0
452	76900.0	109320.0
453	77830.0	108259.0
454	80928.0	107067.0
455	82548.0	105968.0
456	79790.0	106675.0
457	80217.0	103333.0
458	81241.0	103934.0
459	80516.0	105048.0
460	80856.0	105195.0
461	78540.0	108642.0
462	80355.0	103562.0
463	80128.0	103914.0
464	79528.0	102519.0
465	79782.0	104767.0
466	79560.0	98365.0
467	77410.0	102202.0
468	80101.0	97940.0
469	79947.0	100006.0
470	79121.0	101368.0
471	77848.0	98828.0
472	79291.0	102381.0
473	75738.0	97822.0
474	76391.0	99753.0
475	77853.0	101659.0
476	78076.0	98644.0
477	75440.0	99353.0
478	76765.0	96857.0
479	74998.0	96551.0
480	76109.0	95099.0
481	74254.0	95779.0
482	78657.0	93506.0
483	78021.0	97313.0
484	78255.0	96101.0
485	78241.0	93553.0
486	75918.0	97442.0
487	77913.0	97730.0
488	77006.0	97519.0
489	76167.0	97456.0
490	74506.0	94169.0
491	75450.0	97307.0
492	73915.0	92743.0
493	75579.0	94646.0
494	74853.0	90615.0
495	73373.0	93407.0
496	76745.0	91105.0
497	76924.0	91346.0
498	75225.0	91551.0
499	74556.0	90295.0
500	79124.0	91280.0
501	75112.0	89603.0
502	76330.0	90612.0
503	75730.0	92089.0
504	74775.0	87462.0
505	76958.0	91050.0
506	75547.0	88138.0
507	70841.0	91243.0
508	73411.0	90107.0
509	72080.0	91716.0
510	72049.0	91382.0
511	74164.0	90298.0
512	73414.0	92384.0
513	73309.0	91209.0
514	73229.0	90566.0
515	74015.0	91121.0
516	74361.0	87001.0
517	70572.0	89537.0
518	71903.0	88841.0
519	74309.0	90094.0
520	70471.0	86483.0
521	72873.0	90604.0
522	72227.0	90821.0
523	71489.0	89366.0
524	70748.0	88067.0
525	70613.0	89160.0
526	71771.0	87767.0
527	73026.0	90135.0
528	69917.0	89063.0
529	70457.0	86062.0
530	71701.0	88501.0
531	68292.0	87663.0
532	74129.0	89121.0
533	72124.0	86410.0
534	70922.0	88866.0
535	71759.0	89030.0
536	71202.0	86861.0
537	70932.0	88308.0
538	71904.0	87888.0
539	72707.0	90386.0
540	69917.0	89639.0
541	73923.0	92229.0
542	70676.0	92192.0
543	71483.0	87422.0
544	72236.0	89321.0
545	70962.0	90074.0
546	70102.0	88961.0
547	72086.0	89813.0
548	74767.0	92185.0
549	74419.0	93194.0
550	72255.0	90653.0
551	74475.0	91124.0
552	73056.0	91565.0
553	72807.0	89907.0
554	76099.0	90321.0
555	71775.0	90384.0
556	78123.0	92912.0
557	74326.0	89886.0
558	72496.0	90590.0
559	76574.0	89287.0
560	76622.0	94488.0
561	76118.0	91621.0
562	75118.0	90428.0
563	74292.0	92391.0
564	74122.0	92937.0
565	74798.0	90748.0
566	72519.0	92249.0
567	76485.0	90778.0
568	72125.0	92404.0
569	74004.0	90217.0
570	72800.0	88355.0
571	71205.0	90216.0
572	71552.0	91821.0
573	73577.0	90405.0
574	72024.0	93044.0
575	71398.0	93156.0
576	69500.0	93461.0
577	73291.0	90811.0
578	74481.0	93490.0
579	72984.0	92270.0
580	71406.0	91736.0
581	74569.0	89721.0
582	70648.0	92202.0
583	70483.0	90425.0
584	72689.0	93090.0
585	70163.0	91754.0
586	69893.0	95329.0
587	72412.0	91805.0
588	72077.0	94147.0
589	71022.0	95563.0
590	69939.0	94625.0
591	69710.0	93779.0
592	70276.0	96134.0
593	69210.0	92476.0
594	70885.0	93221.0
595	72386.0	95248.0
596	71892.0	93954.0
597	73941.0	92591.0
598	75576.0	92572.0
599	71292.0	91058.0
600	71976.0	92552.0
601	72972.0	94527.0
602	72774.0	91216.0
603	71372.0	92836.0
604	72595.0	92779.0
605	73047.0	92226.0
606	72757.0	94435.0
607	70447.0	93911.0
608	72040.0	92425.0
609	71919.0	91064.0
610	71145.0	93864.0
611	69315.0	91612.0
612	69910.0	95004.0
613	71935.0	93452.0
614	69210.0	93570.0
615	71115.0	92841.0
616	72374.0	92365.0
617	70724.0	92406.0
618	70550.0	94445.0
619	71077.0	95245.0
620	69186.0	93915.0
621	74081.0	93013.0
622	68942.0	93319.0
623	69690.0	92257.0
624	70435.0	93198.0
625	71571.0	90089.0
626	70262.0	92950.0
627	69996.0	91074.0
628	70260.0	93386.0
629	70728.0	93969.0
630	71146.0	93204.0
631	69452.0	92594.0
632	69686.0	94628.0
633	68513.0	93190.0
634	68565.0	90227.0
635	68253.0	88678.0
636	66810.0	91535.0
637	67795.0	90695.0
638	68091.0	90712.0
639	64574.0	86402.0
640	66297.0	88624.0
641	63457.0	88033.0
642	66324.0	90439.0
643	64198.0	88937.0
644	64715.0	89574.0
645	65106.0	84901.0
646	64839.0	86815.0
647	65250.0	87545.0
648	64691.0	87913.0
649	64341.0	86486.0
650	63632.0	83636.0
651	65622.0	84026.0
652	65830.0	87522.0
653	66125.0	83220.0
654	67528.0	84727.0
655	64850.0	84798.0
656	65181.0	85025.0
657	65788.0	84889.0
658	64377.0	85554.0
659	65202.0	84293.0
660	62831.0	84107.0
661	63525.0	86071.0
662	65567.0	82987.0
663	66009.0	82255.0
664	62597.0	83045.0
665	66314.0	87947.0
666	64823.0	81059.0
667	65118.0	84162.0
668	65671.0	80999.0
669	65784.0	81208.0
670	65735.0	82776.0
671	64437.0	80681.0
672	62667.0	80300.0
673	64748.0	81337.0
674	65384.0	82943.0
675	64128.0	81080.0
676	65854.0	79426.0
677	65347.0	83636.0
678	62064.0	79611.0
679	62834.0	81137.0
680	61919.0	78567.0
681	63276.0	80268.0
682	64597.0	77827.0
683	64045.0	78958.0
684	61946.0	80306.0
685	62915.0	79836.0
686	62866.0	76817.0
687	62531.0	79982.0
688	64887.0	77838.0
689	62382.0	78795.0
690	64016.0	76437.0
691	63388.0	78751.0
692	64904.0	77002.0
693	61227.0	78934.0
694	61262.0	77289.0
695	63053.0	78162.0
696	62383.0	78879.0
697	64631.0	78483.0
698	61995.0	80057.0
699	62573.0	80600.0
700	62032.0	76612.0
701	61395.0	76995.0
702	63125.0	76778.0
703	61177.0	74037.0
704	62873.0	77737.0
705	64321.0	74937.0
706	62090.0	75899.0
707	63671.0	76600.0
708	65113.0	76155.0
709	63260.0	76365.0
710	62574.0	76923.0
711	65107.0	73898.0
712	62937.0	75436.0
713	64287.0	75697.0
714	63085.0	77853.0
715	62860.0	72398.0
716	66098.0	78146.0
717	65300.0	76303.0
718	64161.0	73809.0
719	65771.0	76343.0
720	64370.0	77540.0
721	65214.0	76513.0
722	64072.0	73751.0
723	63808.0	76498.0
724	62898.0	77438.0
725	64158.0	77169.0
726	62619.0	78027.0
727	64870.0	77591.0
728	61364.0	76699.0
729	64089.0	75337.0
730	64067.0	74820.0
731	66373.0	76068.0
732	63878.0	74061.0
733	64636.0	73925.0
734	65850.0	75487.0
735	64653.0	74884.0
736	62109.0	74374.0
737	63492.0	73274.0
738	64363.0	75097.0
739	64123.0	75822.0
740	64405.0	74849.0
741	64806.0	72240.0
742	64552.0	73938.0
743	66664.0	73164.0
744	66957.0	73181.0
745	64030.0	71780.0
746	66132.0	71624.0
747	62661.0	73523.0
748	63144.0	71685.0
749	63389.0	71977.0
750	63413.0	72588.0
751	62399.0	73269.0
752	62312.0	69857.0
753	63633.0	74333.0
754	60386.0	72765.0
755	60874.0	71152.0
756	62361.0	71029.0
757	61648.0	69575.0
758	61505.0	69339.0
759	59915.0	71613.0
760	60876.0	69006.0
761	63164.0	68284.0
762	60638.0	70136.0
763	63730.0	68077.0
764	59934.0	69178.0
765	60734.0	71457.0
766	60473.0	70681.0
767	62132.0	73297.0
768	59938.0	71098.0
769	60500.0	69157.0
770	60764.0	68423.0
771	61845.0	69438.0
772	60121.0	68172.0
773	59965.0	69205.0
774	61117.0	67264.0
775	59637.0	68015.0
776	57869.0	68142.0
777	57498.0	66467.0
778	60395.0	68466.0
779	57051.0	67786.0
780	57824.0	67680.0
781	59600.0	67840.0
782	58454.0	67450.0
783	59429.0	66391.0
784	59393.0	64563.0
785	59643.0	65002.0
786	58658.0	67032.0
787	58332.0	66112.0
788	58907.0	65103.0
789	60273.0	64800.0
790	62397.0	65541.0
791	60501.0	65916.0
792	58918.0	66077.0
793	58857.0	63073.0
794	59640.0	67024.0
795	57592.0	66251.0
796	59710.0	64961.0
797	58874.0	68920.0
798	60653.0	67436.0
799	58603.0	64402.0
800	60410.0	67378.0
801	59760.0	65133.0
802	59548.0	64817.0
803	58506.0	65567.0
804	56777.0	67619.0
805	59465.0	66496.0
806	58205.0	67522.0
807	58582.0	67446.0
808	57522.0	65092.0
809	59241.0	65583.0
810	58391.0	68226.0
811	58224.0	67720.0
812	57967.0	66334.0
813	57949.0	67497.0
814	57684.0	65306.0
815	59541.0	64813.0
816	58562.0	64606.0
817	57761.0	64299.0
818	58876.0	63381.0
819	57332.0	65352.0
820	58911.0	66338.0
821	57226.0	65753.0
822	56497.0	65027.0
823	55585.0	66672.0
824	56090.0	68466.0
825	55440.0	67154.0
826	54701.0	68628.0
827	53223.0	68869.0
828	55789.0	69957.0
829	53988.0	70190.0
830	56172.0	66305.0
831	56120.0	68039.0
832	55782.0	71651.0
833	55776.0	67673.0
834	56454.0	68661.0
835	56950.0	67697.0
836	57143.0	68579.0
837	56093.0	67840.0
838	56094.0	65309.0
839	55982.0	66187.0
840	56304.0	66798.0
841	56251.0	62777.0
842	56355.0	66456.0
843	57118.0	64348.0
844	57904.0	64572.0
845	57642.0	64811.0
846	57067.0	63486.0
847	56353.0	64433.0
848	54681.0	63709.0
849	56615.0	62816.0
850	56020.0	64564.0
851	54196.0	63424.0
852	55978.0	64113.0
853	56948.0	61253.0
854	53666.0	65526.0
855	56403.0	62759.0
856	56298.0	62875.0
857	54953.0	61618.0
858	56781.0	60955.0
859	54991.0	63003.0
860	55558.0	61663.0
861	54896.0	62907.0
862	54728.0	61658.0
863	55326.0	63192.0
864	55262.0	63244.0
865	58225.0	61694.0
866	58295.0	60510.0
867	57662.0	61165.0
868	58225.0	59157.0
869	58194.0	59837.0
870	57307.0	62167.0
871	58491.0	59426.0
872	58212.0	59096.0
873	57094.0	60960.0
874	55835.0	60697.0
875	57125.0	57933.0
876	55903.0	59295.0
877	56285.0	61392.0
878	55326.0	59325.0
879	53398.0	58671.0
880	54724.0	59961.0
881	54774.0	58735.0
882	52623.0	61692.0
883	56543.0	60219.0
884	55471.0	59928.0
885	56005.0	60604.0
886	57144.0	60483.0
887	57582.0	58051.0
888	56421.0	59830.0
889	55108.0	58736.0
890	55598.0	58712.0
891	54049.0	57457.0
892	55860.0	60602.0
893	50961.0	62173.0
894	54195.0	58744.0
895	52406.0	61554.0
896	52557.0	59767.0
897	50748.0	59776.0
898	53099.0	58429.0
899	52208.0	58869.0
900	53620.0	59075.0
901	51207.0	58081.0
902	52492.0	56952.0
903	52539.0	58863.0
904	51192.0	57894.0
905	54236.0	58027.0
906	51565.0	57056.0
907	52888.0	57314.0
908	53157.0	58695.0
909	51985.0	56765.0
910	53546.0	56700.0
911	53188.0	59976.0
912	52928.0	56092.0
913	51232.0	58362.0
914	52652.0	59995.0
915	53206.0	57605.0
916	51171.0	57611.0
917	52759.0	56348.0
918	53586.0	56698.0
919	54583.0	57967.0
920	52992.0	58713.0
921	54367.0	56534.0
922	52374.0	58688.0
923	50725.0	56773.0
924	51031.0	58937.0
925	53666.0	60776.0
926	51216.0	61188.0
927	51352.0	58255.0
928	52726.0	59495.0
929	51491.0	59237.0
930	52797.0	59625.0
931	48851.0	58594.0
932	50030.0	58363.0
933	49621.0	57495.0
934	48815.0	57527.0
935	51197.0	58103.0
936	50311.0	58979.0
937	49942.0	57922.0
938	49836.0	59194.0
939	48522.0	58015.0
940	50523.0	57462.0
941	49527.0	59889.0
942	50083.0	58781.0
943	49633.0	59542.0
944	48309.0	59631.0
945	48926.0	60154.0
946	49529.0	58751.0
947	49399.0	57776.0
948	48894.0	57692.0
949	48657.0	57766.0
950	48713.0	58792.0
951	50174.0	53427.0
952	48373.0	58830.0
953	50927.0	56076.0
954	48763.0	57273.0
955	48519.0	58129.0
956	48847.0	57838.0
957	46169.0	56079.0
958	48001.0	56972.0
959	45934.0	55346.0
960	47836.0	56154.0
961	46603.0	57170.0
962	48687.0	56328.0
963	49546.0	54637.0
964	48818.0	56353.0
965	46202.0	54249.0
966	46219.0	54046.0
967	47615.0	57110.0
968	46864.0	56186.0
969	46010.0	55109.0
970	48404.0	54099.0
971	46889.0	56225.0
972	46531.0	57214.0
973	47784.0	56034.0
974	46213.0	56360.0
975	45371.0	57192.0
976	45716.0	57492.0
977	46368.0	56860.0
978	45626.0	57475.0
979	46512.0	56179.0
980	47067.0	55458.0
981	47032.0	56881.0
982	47388.0	57719.0
983	48097.0	57717.0
984	49303.0	57651.0
985	46957.0	57954.0
986	48362.0	56330.0
987	48974.0	57845.0
988	46733.0	57430.0
989	47111.0	57115.0
990	50456.0	60298.0
991	46257.0	59341.0
992	47914.0	59614.0
993	47621.0	58448.0
994	48238.0	58173.0
995	47422.0	59813.0
996	45493.0	57294.0
997	46869.0	57039.0
998	45685.0	57661.0
999	47292.0	56324.0
1000	44456.0	58358.0
1001	46134.0	58112.0
1002	44191.0	57535.0
1003	44139.0	54774.0
1004	45292.0	59051.0
1005	43875.0	56933.0
1006	43223.0	57410.0
1007	44620.0	57648.0
1008	43944.0	57073.0
1009	42328.0	56389.0
1010	46202.0	56222.0
1011	42805.0	57219.0
1012	44049.0	53433.0
1013	45423.0	55852.0
1014	44433.0	54338.0
1015	43439.0	55669.0
1016	46429.0	54992.0
1017	43111.0	55191.0
1018	43762.0	53133.0
1019	42993.0	55238.0
1020	44104.0	53309.0
1021	43032.0	55034.0
1022	45247.0	51457.0
1023	41382.0	50548.0
1024	44179.0	51425.0
1025	43699.0	50808.0
1026	41495.0	49952.0
1027	42362.0	51883.0
1028	45225.0	50973.0
1029	42204.0	49547.0
1030	43221.0	50008.0
1031	44283.0	49285.0
1032	41276.0	49795.0
1033	43624.0	49696.0
1034	43062.0	48696.0
1035	43287.0	49606.0
1036	42335.0	49473.0
1037	41862.0	52229.0
1038	43356.0	47573.0
1039	42096.0	51166.0
1040	41394.0	48322.0
1041	42786.0	51306.0
1042	42152.0	47828.0
1043	42055.0	49220.0
1044	43011.0	50047.0
1045	40528.0	50551.0
1046	43669.0	50782.0
1047	42245.0	51659.0
1048	42274.0	51034.0
1049	43386.0	48630.0
1050	44218.0	49728.0
1051	42987.0	49007.0
1052	41484.0	48854.0
1053	41617.0	46639.0
1054	41747.0	47929.0
1055	41186.0	49402.0
1056	41395.0	47831.0
1057	40750.0	49491.0
1058	41275.0	48727.0
1059	39840.0	49036.0
1060	41629.0	49044.0
1061	40953.0	47140.0
1062	41688.0	49003.0
1063	43796.0	48037.0
1064	41764.0	49102.0
1065	43334.0	49104.0
1066	42549.0	49226.0
1067	43409.0	52482.0
1068	44264.0	48044.0
1069	42860.0	48471.0
1070	42599.0	49108.0
1071	42758.0	47384.0
1072	41572.0	48494.0
1073	42897.0	50042.0
1074	42345.0	47051.0
1075	42618.0	48921.0
1076	41396.0	50751.0
1077	40804.0	48827.0
1078	41010.0	49326.0
1079	40875.0	49487.0
1080	39937.0	49987.0
1081	41006.0	48266.0
1082	40675.0	49127.0
1083	39094.0	47980.0
1084	42178.0	48850.0
1085	42018.0	47014.0
1086	40127.0	49131.0
1087	42517.0	48626.0
1088	40742.0	48709.0
1089	40109.0	48542.0
1090	40645.0	46870.0
1091	39541.0	47650.0
1092	40840.0	46469.0
1093	38895.0	47663.0
1094	40774.0	46549.0
1095	40618.0	49160.0
1096	39792.0	47129.0
1097	38580.0	46663.0
1098	40643.0	47209.0
1099	39244.0	46391.0
1100	37725.0	45534.0
1101	40385.0	47618.0
1102	38654.0	46751.0
1103	38168.0	42921.0
1104	39499.0	48125.0
1105	40319.0	47843.0
1106	40356.0	47853.0
1107	38831.0	46336.0
1108	39754.0	46630.0
1109	39198.0	45126.0
1110	39495.0	47695.0
1111	38781.0	45112.0
1112	38145.0	46179.0
1113	38914.0	49892.0
1114	39288.0	46427.0
1115	37867.0	46233.0
1116	38081.0	47496.0
1117	37110.0	48005.0
1118	38645.0	45214.0
1119	38512.0	45590.0
1120	39483.0	44579.0
1121	36838.0	45768.0
1122	39408.0	44997.0
1123	39510.0	44242.0
1124	37412.0	44833.0
1125	40213.0	44794.0
1126	39482.0	47380.0
1127	40308.0	44734.0
1128	39973.0	47064.0
1129	39832.0	46288.0
1130	42497.0	45047.0
1131	39211.0	45790.0
1132	40070.0	44044.0
1133	39791.0	42791.0
1134	39058.0	45219.0
1135	38151.0	43931.0
1136	41065.0	43187.0
1137	39378.0	46581.0
1138	40189.0	43402.0
1139	39161.0	44100.0
1140	41143.0	43262.0
1141	38997.0	44806.0
1142	38706.0	44275.0
1143	37387.0	43845.0
1144	38339.0	42164.0
1145	36942.0	40997.0
1146	37593.0	42904.0
1147	38212.0	42003.0
1148	38108.0	41492.0
1149	37703.0	42196.0
1150	37907.0	42240.0
1151	38585.0	43360.0
1152	38559.0	42316.0
1153	38370.0	42212.0
1154	39441.0	42004.0
1155	40010.0	43075.0
1156	39260.0	41417.0
1157	39043.0	42036.0
1158	39596.0	40724.0
1159	38847.0	40530.0
1160	39326.0	43009.0
1161	40422.0	39989.0
1162	38705.0	41715.0
1163	40852.0	40574.0
1164	39972.0	40518.0
1165	41582.0	41712.0
1166	40138.0	41851.0
1167	41724.0	39561.0
1168	37750.0	43959.0
1169	40836.0	39676.0
1170	37735.0	42135.0
1171	39982.0	41844.0
1172	38550.0	42233.0
1173	36926.0	40923.0
1174	38263.0	41575.0
1175	37796.0	42369.0
1176	37974.0	41268.0
1177	37626.0	43242.0
1178	38974.0	40925.0
1179	36209.0	40163.0
1180	37283.0	39976.0
1181	37227.0	39725.0
1182	36935.0	39852.0
1183	38623.0	39346.0
1184	36327.0	39704.0
1185	35946.0	39788.0
1186	38361.0	40393.0
1187	36994.0	40489.0
1188	36845.0	39580.0
1189	37656.0	38393.0
1190	37284.0	39085.0
1191	37086.0	39703.0
1192	35917.0	38872.0
1193	36014.0	38854.0
1194	36535.0	39489.0
1195	35979.0	38934.0
1196	35340.0	39991.0
1197	38596.0	39960.0
1198	37042.0	40667.0
1199	35664.0	38826.0
1200	35135.0	38232.0
1201	36969.0	39733.0
1202	37763.0	38273.0
1203	34076.0	39080.0
1204	36375.0	39853.0
1205	34779.0	38179.0
1206	34859.0	38106.0
1207	37430.0	39838.0
1208	36014.0	38076.0
1209	36780.0	38081.0
1210	35672.0	37824.0
1211	35851.0	38908.0
1212	37136.0	39279.0
1213	36647.0	39381.0
1214	36145.0	39512.0
1215	37415.0	38270.0
1216	38341.0	42637.0
1217	37978.0	37561.0
1218	38320.0	39678.0
1219	37481.0	38418.0
1220	39130.0	38802.0
1221	40016.0	38655.0
1222	38261.0	38464.0
1223	39716.0	39380.0
1224	38938.0	37900.0
1225	34979.0	38296.0
1226	38203.0	40388.0
1227	38058.0	40237.0
1228	36008.0	38942.0
1229	38170.0	39325.0
1230	37689.0	39618.0
1231	36352.0	38888.0
1232	36000.0	39745.0
1233	37437.0	38708.0
1234	34195.0	37211.0
1235	36504.0	37445.0
1236	36784.0	39243.0
1237	35820.0	38229.0
1238	37600.0	38349.0
1239	36286.0	39392.0
1240	36788.0	39595.0
1241	36984.0	38286.0
1242	37185.0	39898.0
1243	37819.0	39691.0
1244	36032.0	39101.0
1245	35688.0	38495.0
1246	35198.0	37636.0
1247	34686.0	38360.0
1248	35820.0	37151.0
1249	34866.0	36372.0
1250	36611.0	38255.0
1251	35084.0	36600.0
1252	34568.0	37345.0
1253	35707.0	36761.0
1254	34510.0	37124.0
1255	35167.0	38281.0
1256	35837.0	37938.0
1257	35574.0	35521.0
1258	35945.0	40748.0
1259	34070.0	38116.0
1260	35482.0	39200.0
1261	34894.0	39404.0
1262	36305.0	39852.0
1263	33946.0	38979.0
1264	34430.0	37367.0
1265	33120.0	37334.0
1266	32203.0	38642.0
1267	34094.0	39423.0
1268	32767.0	37602.0
1269	32626.0	41432.0
1270	34533.0	37674.0
1271	33294.0	37334.0
1272	33913.0	38298.0
1273	30960.0	36930.0
1274	33201.0	37444.0
1275	32072.0	37466.0
1276	32662.0	36208.0
1277	33752.0	38097.0
1278	32296.0	38938.0
1279	33078.0	39065.0
1280	32028.0	36801.0
1281	34231.0	39026.0
1282	34102.0	36250.0
1283	33215.0	38735.0
1284	32661.0	38601.0
1285	33455.0	37820.0
1286	33592.0	36578.0
1287	33436.0	38859.0
1288	33383.0	37761.0
1289	33772.0	39258.0
1290	34343.0	39003.0
1291	33699.0	38701.0
1292	33392.0	39461.0
1293	33535.0	38065.0
1294	33801.0	37579.0
1295	35191.0	35640.0
1296	31972.0	35715.0
1297	34022.0	35781.0
1298	33313.0	34678.0
1299	34634.0	37550.0
1300	32573.0	36982.0
1301	31433.0	36800.0
1302	32590.0	37137.0
1303	29936.0	36158.0
1304	32575.0	36621.0
1305	31193.0	38789.0
1306	31492.0	38077.0
1307	31307.0	37338.0
1308	32871.0	40180.0
1309	31129.0	38268.0
1310	32462.0	37622.0
1311	30937.0	37622.0
1312	32281.0	37690.0
1313	30235.0	38739.0
1314	30352.0	37379.0
1315	33049.0	35562.0
1316	31733.0	37015.0
1317	31950.0	37735.0
1318	31427.0	36549.0
1319	31933.0	36777.0
1320	30355.0	36491.0
1321	31342.0	35881.0
1322	29395.0	35557.0
1323	30259.0	35815.0
1324	29644.0	35223.0
1325	31640.0	35413.0
1326	30780.0	36178.0
1327	30061.0	35774.0
1328	30327.0	36775.0
1329	30332.0	36849.0
1330	32097.0	33296.0
1331	30212.0	36432.0
1332	31015.0	36236.0
1333	31504.0	35571.0
1334	30485.0	34249.0
1335	29987.0	37031.0
1336	32089.0	37182.0
1337	30895.0	36928.0
1338	30632.0	37922.0
1339	32702.0	36973.0
1340	29976.0	38411.0
1341	30836.0	35600.0
1342	29742.0	38309.0
1343	30710.0	36307.0
1344	30731.0	38984.0
1345	30451.0	36235.0
1346	29627.0	36293.0
1347	29571.0	36314.0
1348	30392.0	36824.0
1349	29969.0	36579.0
1350	29266.0	37094.0
1351	32342.0	34737.0
1352	29258.0	37054.0
1353	30416.0	34523.0
1354	31485.0	34692.0
1355	30215.0	35717.0
1356	30051.0	35054.0
1357	31607.0	33428.0
1358	30277.0	33199.0
1359	30470.0	32462.0
1360	28769.0	34142.0
1361	30833.0	33792.0
1362	29834.0	35262.0
1363	30455.0	34086.0
1364	30370.0	35223.0
1365	29696.0	35597.0
1366	30644.0	36150.0
1367	29044.0	35318.0
1368	29928.0	36425.0
1369	29250.0	35366.0
1370	29851.0	36498.0
1371	30665.0	37843.0
1372	30019.0	36712.0
1373	28893.0	37819.0
1374	29003.0	37716.0
1375	29304.0	36379.0
1376	29401.0	37342.0
1377	30029.0	36348.0
1378	30335.0	36923.0
1379	30477.0	34716.0
1380	28432.0	35765.0
1381	30645.0	37928.0
1382	27805.0	36789.0
1383	28449.0	37426.0
1384	30747.0	35768.0
1385	29465.0	37885.0
1386	29482.0	37348.0
1387	27959.0	36260.0
1388	29354.0	35869.0
1389	26933.0	36830.0
1390	28044.0	37078.0
1391	29585.0	36920.0
1392	27503.0	35110.0
1393	29121.0	36665.0
1394	28219.0	35595.0
1395	28626.0	35672.0
1396	29380.0	37039.0
1397	28854.0	37019.0
1398	28251.0	36542.0
1399	28755.0	36853.0
1400	29605.0	37189.0
1401	28053.0	36260.0
1402	28663.0	39064.0
1403	27311.0	35778.0
1404	27135.0	37080.0
1405	28532.0	35217.0
1406	26891.0	34669.0
1407	26488.0	37884.0
1408	26975.0	35385.0
1409	27635.0	36028.0
1410	24853.0	33924.0
1411	26851.0	33939.0
1412	27200.0	34322.0
1413	27246.0	31803.0
1414	29144.0	33438.0
1415	26049.0	33688.0
1416	27359.0	32035.0
1417	26268.0	34058.0
1418	26909.0	32326.0
1419	28016.0	33249.0
1420	28915.0	33209.0
1421	27597.0	31712.0
1422	28131.0	32485.0
1423	28632.0	30561.0
1424	27995.0	32093.0
1425	29991.0	30628.0
1426	28689.0	30415.0
1427	26639.0	31141.0
1428	28895.0	29338.0
1429	27700.0	30390.0
1430	28981.0	29921.0
1431	27632.0	30333.0
1432	28467.0	31041.0
1433	28519.0	31485.0
1434	27521.0	29176.0
1435	27033.0	29431.0
1436	26858.0	31365.0
1437	25299.0	29925.0
1438	27184.0	31544.0
1439	27205.0	30232.0
1440	27449.0	31210.0
1441	27708.0	31279.0
1442	27666.0	30353.0
1443	27750.0	29244.0
1444	26992.0	31812.0
1445	26714.0	31416.0
1446	27616.0	29855.0
1447	26088.0	30735.0
1448	26551.0	29040.0
1449	28155.0	30797.0
1450	27964.0	30737.0
1451	27326.0	30055.0
1452	26631.0	30849.0
1453	27972.0	30349.0
1454	27149.0	29539.0
1455	27459.0	29160.0
1456	27850.0	29296.0
1457	26416.0	28707.0
1458	28780.0	29870.0
1459	26396.0	29922.0
1460	26339.0	28892.0
1461	26656.0	29816.0
1462	25873.0	29666.0
1463	27202.0	29199.0
1464	26257.0	28887.0
1465	27789.0	29710.0
1466	28116.0	28172.0
1467	25633.0	28747.0
1468	27593.0	29653.0
1469	27760.0	28010.0
1470	27134.0	27554.0
1471	26115.0	29347.0
1472	26778.0	28780.0
1473	27386.0	27314.0
1474	26761.0	29037.0
1475	28784.0	27319.0
1476	25885.0	28227.0
1477	25714.0	29693.0
1478	25653.0	29296.0
1479	25683.0	29368.0
1480	25724.0	27787.0
1481	24745.0	29901.0
1482	26608.0	29168.0
1483	25848.0	28173.0
1484	25678.0	29216.0
1485	26077.0	29925.0
1486	26946.0	29510.0
1487	25999.0	28434.0
1488	26005.0	29829.0
1489	24767.0	28594.0
1490	26831.0	29755.0
1491	26556.0	28945.0
1492	25922.0	28535.0
1493	24714.0	28971.0
1494	23895.0	29955.0
1495	24888.0	26978.0
1496	26135.0	29266.0
1497	26054.0	30037.0
1498	25422.0	28454.0
1499	25304.0	30156.0
1500	26087.0	30312.0
1501	25841.0	28985.0
1502	25850.0	28262.0
1503	25487.0	28496.0
1504	25692.0	28961.0
1505	25047.0	26909.0
1506	24482.0	28838.0
1507	24255.0	26390.0
1508	23791.0	27954.0
1509	23483.0	27771.0
1510	23216.0	28985.0
1511	24141.0	27625.0
1512	23390.0	27132.0
1513	23819.0	27940.0
1514	24224.0	27336.0
1515	24344.0	30171.0
1516	24440.0	27890.0
1517	24335.0	29628.0
1518	23900.0	30033.0
1519	23723.0	27720.0
1520	24132.0	27652.0
1521	24246.0	27503.0
1522	24078.0	28181.0
1523	23814.0	25539.0
1524	24555.0	27698.0
1525	24311.0	26191.0
1526	24142.0	26281.0
1527	23964.0	27044.0
1528	25029.0	26666.0
1529	24524.0	27059.0
1530	24347.0	25523.0
1531	24218.0	27363.0
1532	24073.0	25322.0
1533	24049.0	27037.0
1534	23555.0	26579.0
1535	22683.0	27239.0
1536	23918.0	27741.0
1537	23597.0	27133.0
1538	23977.0	28311.0
1539	23149.0	27142.0
1540	23343.0	28321.0
1541	25859.0	27109.0
1542	25171.0	28512.0
1543	23603.0	28471.0
1544	24961.0	27652.0
1545	23583.0	28620.0
1546	23361.0	28232.0
1547	23732.0	28115.0
1548	23487.0	26231.0
1549	23750.0	27558.0
1550	23087.0	28342.0
1551	23969.0	27363.0
1552	24104.0	27780.0
1553	24141.0	27817.0
1554	24218.0	27003.0
1555	23807.0	29163.0
1556	24743.0	27817.0
1557	23736.0	29473.0
1558	24275.0	28822.0
1559	24631.0	30056.0
1560	22473.0	29918.0
1561	24966.0	30932.0
1562	25066.0	29833.0
1563	25000.0	28491.0
1564	24903.0	29051.0
1565	25384.0	29248.0
1566	25970.0	28871.0
1567	24599.0	28221.0
1568	23130.0	27588.0
1569	24885.0	28362.0
1570	24257.0	28280.0
1571	24849.0	28170.0
1572	25328.0	27041.0
1573	23507.0	28516.0
1574	23426.0	27292.0
1575	25819.0	26822.0
1576	23136.0	28158.0
1577	24096.0	26510.0
1578	23103.0	26399.0
1579	24113.0	25653.0
1580	23873.0	26847.0
1581	23938.0	26201.0
1582	23121.0	25817.0
1583	22910.0	27101.0
1584	22793.0	27670.0
1585	24154.0	27460.0
1586	22775.0	28275.0
1587	24220.0	26483.0
1588	23651.0	27919.0
1589	22905.0	26945.0
1590	24801.0	27242.0
1591	23332.0	28045.0
1592	22294.0	27512.0
1593	23596.0	27124.0
1594	22107.0	26147.0
1595	24445.0	28136.0
1596	23495.0	26211.0
1597	24430.0	26241.0
1598	22965.0	26654.0
1599	23729.0	27763.0
1600	23658.0	27169.0
1601	23584.0	27332.0
1602	23536.0	28028.0
1603	23994.0	29209.0
1604	23194.0	26427.0
1605	22067.0	26823.0
1606	23554.0	29226.0
1607	21202.0	26739.0
1608	21660.0	26481.0
1609	23915.0	26618.0
1610	21841.0	26495.0
1611	21226.0	26836.0
1612	22062.0	25642.0
1613	22228.0	26641.0
1614	23053.0	24585.0
1615	22025.0	26767.0
1616	22006.0	25955.0
1617	22400.0	25928.0
1618	22356.0	25669.0
1619	21933.0	26188.0
1620	20732.0	25914.0
1621	21435.0	26207.0
1622	22098.0	27139.0
1623	21508.0	27133.0
1624	20716.0	29356.0
1625	22422.0	26396.0
1626	22045.0	27486.0
1627	23195.0	28221.0
1628	22657.0	28446.0
1629	21905.0	27402.0
1630	24392.0	27672.0
1631	22487.0	29189.0
1632	23517.0	28179.0
1633	22548.0	28631.0
1634	23385.0	29601.0
1635	22725.0	30734.0
1636	22749.0	29636.0
1637	22500.0	31237.0
1638	22781.0	32144.0
1639	23115.0	31432.0
1640	22525.0	30163.0
1641	23920.0	28640.0
1642	22824.0	28856.0
1643	24047.0	29509.0
1644	23313.0	28896.0
1645	23456.0	28119.0
1646	23906.0	28071.0
1647	21867.0	27163.0
1648	22375.0	28487.0
1649	20862.0	26063.0
1650	21485.0	26391.0
1651	22456.0	27193.0
1652	20097.0	28238.0
1653	20812.0	26784.0
1654	22198.0	29025.0
1655	21563.0	25975.0
1656	22495.0	27229.0
1657	22392.0	27918.0
1658	21344.0	26785.0
1659	22743.0	28475.0
1660	21342.0	27315.0
1661	21100.0	27472.0
1662	21161.0	26520.0
1663	22414.0	27553.0
1664	20408.0	27502.0
1665	20826.0	27704.0
1666	21531.0	27779.0
1667	22549.0	27227.0
1668	21634.0	26951.0
1669	22237.0	24777.0
1670	21790.0	27085.0
1671	21828.0	24989.0
1672	22815.0	26789.0
1673	22173.0	25018.0
1674	20879.0	25537.0
1675	21785.0	26738.0
1676	21839.0	25504.0
1677	21813.0	25342.0
1678	20749.0	27797.0
1679	21496.0	25414.0
1680	20764.0	26242.0
1681	20278.0	27227.0
1682	21468.0	26315.0
1683	23146.0	25574.0
1684	22102.0	27087.0
1685	23112.0	26636.0
1686	23170.0	25331.0
1687	21691.0	26763.0
1688	22422.0	25632.0
1689	21400.0	25811.0
1690	21739.0	26545.0
1691	21886.0	24289.0
1692	21487.0	25352.0
1693	22173.0	25870.0
1694	20706.0	26053.0
1695	20664.0	24904.0
1696	21291.0	26640.0
1697	21539.0	24443.0
1698	20388.0	25330.0
1699	20719.0	26368.0
1700	20411.0	27732.0
1701	20792.0	24555.0
1702	20635.0	25956.0
1703	21586.0	24574.0
1704	20943.0	25715.0
1705	21599.0	23430.0
1706	20358.0	25813.0
1707	21294.0	24039.0
1708	21567.0	24308.0
1709	19779.0	26283.0
1710	20351.0	24536.0
1711	19837.0	26336.0
1712	20952.0	24748.0
1713	20043.0	24466.0
1714	20993.0	23979.0
1715	21580.0	23282.0
1716	21444.0	23088.0
1717	21168.0	23139.0
1718	21132.0	24161.0
1719	21124.0	24363.0
1720	22530.0	25442.0
1721	22658.0	24732.0
1722	22173.0	25115.0
1723	21302.0	25332.0
1724	21352.0	24298.0
1725	22924.0	25828.0
1726	21222.0	24754.0
1727	22349.0	24947.0
1728	22885.0	26214.0
1729	22497.0	26221.0
1730	21603.0	25077.0
1731	22898.0	24796.0
1732	21050.0	25641.0
1733	22808.0	26951.0
1734	23184.0	24539.0
1735	20261.0	24508.0
1736	22531.0	23936.0
1737	20966.0	24408.0
1738	20136.0	25227.0
1739	21209.0	23155.0
1740	21093.0	25009.0
1741	21703.0	22697.0
1742	19962.0	23218.0
1743	20890.0	23349.0
1744	20872.0	22541.0
1745	19370.0	23511.0
1746	21045.0	21014.0
1747	20004.0	22967.0
1748	20495.0	22885.0
1749	20197.0	23562.0
1750	21344.0	22977.0
1751	21395.0	23827.0
1752	20274.0	23072.0
1753	20979.0	23374.0
1754	21761.0	22663.0
1755	20477.0	24299.0
1756	22003.0	21058.0
1757	20547.0	21793.0
1758	21185.0	23864.0
1759	21140.0	21597.0
1760	20512.0	22881.0
1761	20548.0	23006.0
1762	20701.0	23568.0
1763	21079.0	24126.0
1764	21619.0	21626.0
1765	20688.0	22280.0
1766	20837.0	21605.0
1767	20696.0	21476.0
1768	21106.0	21919.0
1769	20565.0	22193.0
1770	21745.0	21733.0
1771	20938.0	22721.0
1772	20046.0	21181.0
1773	20488.0	21859.0
1774	20699.0	23392.0
1775	19722.0	21920.0
1776	21442.0	22513.0
1777	20426.0	20766.0
1778	19320.0	22572.0
1779	20339.0	20850.0
1780	21170.0	20653.0
1781	22231.0	22327.0
1782	22947.0	20928.0
1783	20716.0	20398.0
1784	21906.0	21973.0
1785	21769.0	21408.0
1786	20677.0	20924.0
1787	21683.0	19675.0
1788	22661.0	20909.0
1789	21338.0	19622.0
1790	22476.0	20882.0
1791	22002.0	20765.0
1792	23230.0	22473.0
1793	22034.0	20087.0
1794	21578.0	21363.0
1795	21236.0	21659.0
1796	21035.0	21285.0
1797	21596.0	20180.0
1798	22127.0	20759.0
1799	19977.0	20719.0
1800	21291.0	19703.0
1801	21635.0	20916.0
1802	22347.0	20384.0
1803	20982.0	20604.0
1804	22605.0	21069.0
1805	21462.0	20662.0
1806	21775.0	20111.0
1807	22160.0	20312.0
1808	20402.0	20201.0
1809	20920.0	20766.0
1810	21893.0	21027.0
1811	19714.0	21208.0
1812	21209.0	21962.0
1813	20749.0	19755.0
1814	22201.0	22094.0
1815	22338.0	20937.0
1816	20435.0	21803.0
1817	20315.0	21398.0
1818	20369.0	22667.0
1819	20294.0	21386.0
1820	20311.0	22590.0
1821	20779.0	22274.0
1822	20281.0	21285.0
1823	19236.0	22637.0
1824	20479.0	21338.0
1825	20357.0	23601.0
1826	20357.0	20861.0
1827	19937.0	20084.0
1828	19062.0	21764.0
1829	18944.0	20274.0
1830	19761.0	20899.0
1831	19010.0	19650.0
1832	19402.0	21715.0
1833	21737.0	20306.0
1834	18856.0	20428.0
1835	19347.0	19977.0
1836	19912.0	20855.0
1837	20538.0	19680.0
1838	19497.0	19421.0
1839	20812.0	21113.0
1840	20124.0	19700.0
1841	19799.0	20003.0
1842	19612.0	20425.0
1843	20149.0	20107.0
1844	21247.0	19641.0
1845	19053.0	20315.0
1846	20867.0	19994.0
1847	20580.0	19926.0
1848	19662.0	20736.0
1849	20481.0	20505.0
1850	19676.0	20831.0
1851	20331.0	20396.0
1852	19578.0	21972.0
1853	20509.0	22175.0
1854	18717.0	20643.0
1855	19273.0	20753.0
1856	18984.0	20541.0
1857	19954.0	22777.0
1858	20852.0	20531.0
1859	19203.0	20961.0
1860	19892.0	22005.0
1861	20166.0	22814.0
1862	19834.0	20884.0
1863	18375.0	21088.0
1864	18773.0	21081.0
1865	18748.0	21030.0
1866	20248.0	22142.0
1867	17802.0	20380.0
1868	20261.0	19401.0
1869	20545.0	20198.0
1870	19017.0	21049.0
1871	19736.0	21407.0
1872	20811.0	19563.0
1873	19336.0	20546.0
1874	19921.0	19795.0
1875	20843.0	19885.0
1876	20638.0	20058.0
1877	22583.0	20316.0
1878	21821.0	18649.0
1879	19663.0	19556.0
1880	21521.0	20564.0
1881	19192.0	20202.0
1882	19847.0	19282.0
1883	19669.0	20117.0
1884	19318.0	18877.0
1885	18804.0	20309.0
1886	21351.0	18906.0
1887	19232.0	18199.0
1888	20140.0	18661.0
1889	19998.0	18338.0
1890	19653.0	19104.0
1891	20267.0	20101.0
1892	21014.0	19739.0
1893	21539.0	20549.0
1894	20114.0	18774.0
1895	19869.0	18439.0
1896	20237.0	20044.0
1897	20920.0	19112.0
1898	19887.0	19257.0
1899	19834.0	19054.0
1900	19543.0	19015.0
1901	19465.0	19337.0
1902	19735.0	18581.0
1903	20511.0	19945.0
1904	21032.0	18223.0
1905	19795.0	19005.0
1906	21564.0	17106.0
1907	19854.0	18297.0
1908	20629.0	19606.0
1909	21024.0	18290.0
1910	20472.0	19162.0
1911	20257.0	20212.0
1912	19763.0	18752.0
1913	19689.0	20158.0
1914	20881.0	18634.0
1915	19522.0	18822.0
1916	20254.0	19618.0
1917	19408.0	18441.0
1918	19217.0	19870.0
1919	19770.0	17306.0
1920	18526.0	18262.0
1921	19468.0	18220.0
1922	19517.0	17688.0
1923	19801.0	18958.0
1924	19154.0	17665.0
1925	19765.0	18717.0
1926	19029.0	18509.0
1927	19733.0	18822.0
1928	20140.0	19044.0
1929	18486.0	18600.0
1930	18751.0	18752.0
1931	18511.0	18614.0
1932	17543.0	18490.0
1933	19211.0	18871.0
1934	17130.0	19295.0
1935	19578.0	18230.0
1936	19332.0	18675.0
1937	18280.0	18840.0
1938	18869.0	21037.0
1939	19747.0	20087.0
1940	21047.0	18345.0
1941	18938.0	18810.0
1942	20607.0	20720.0
1943	18735.0	20072.0
1944	18446.0	20518.0
1945	19826.0	18882.0
1946	18785.0	20604.0
1947	18987.0	19023.0
1948	19537.0	19230.0
1949	19617.0	20115.0
1950	19983.0	19320.0
1951	19719.0	18529.0
1952	19411.0	18404.0
1953	20565.0	17749.0
1954	20130.0	18926.0
1955	20295.0	19244.0
1956	19780.0	18607.0
1957	20647.0	18264.0
1958	19264.0	17955.0
1959	19051.0	17945.0
1960	19208.0	18350.0
1961	19144.0	17818.0
1962	19290.0	18019.0
1963	19618.0	18841.0
1964	19046.0	19412.0
1965	19104.0	18628.0
1966	20026.0	18557.0
1967	18759.0	18322.0
1968	18317.0	18441.0
1969	19564.0	20096.0
1970	19103.0	19883.0
1971	19821.0	18936.0
1972	18808.0	19048.0
1973	19219.0	19826.0
1974	19889.0	19860.0
1975	21164.0	21232.0
1976	19852.0	20106.0
1977	19465.0	19191.0
1978	19277.0	18952.0
1979	20158.0	18728.0
1980	18731.0	18632.0
1981	17663.0	19012.0
1982	19219.0	18931.0
1983	18115.0	19769.0
1984	18755.0	18858.0
1985	18688.0	18521.0
1986	17885.0	20159.0
1987	17944.0	19199.0
1988	18187.0	20324.0
1989	17933.0	20820.0
1990	19719.0	19664.0
1991	18496.0	20462.0
1992	17595.0	21036.0
1993	18633.0	19736.0
1994	17935.0	20506.0
1995	17530.0	20254.0
1996	18063.0	20668.0
1997	18034.0	20098.0
1998	17007.0	19940.0
1999	17556.0	21363.0
