Offset	A	C	G	T	A/T	C/G	A/G	C/T	AA	AC	AG	AT	CA	CC	CG	CT	GA	GC	GG	GT	TA	TC	TG	TT	N	NN
-50	0.199568	0.271670	0.306634	0.222128	0.189936	0.350109	0.282193	0.273646	0.054646	0.038305	0.071068	0.035550	0.051973	0.092407	0.066118	0.061172	0.052704	0.087808	0.103775	0.062344	0.030747	0.051072	0.071316	0.068993	11798790.0	11798735.0
-49	0.190070	0.269593	0.312277	0.228060	0.161874	0.357076	0.280149	0.250515	0.049190	0.039724	0.065651	0.035505	0.051930	0.089094	0.069537	0.059033	0.056209	0.089346	0.109099	0.057623	0.029000	0.054211	0.096670	0.048178	11798736.0	11798734.0
-48	0.186328	0.272378	0.340956	0.200338	0.173494	0.363094	0.290551	0.253163	0.050436	0.038978	0.064431	0.032483	0.048973	0.089921	0.074212	0.059273	0.062802	0.086079	0.112881	0.079193	0.037358	0.050754	0.059009	0.053216	11798789.0	11798789.0
-47	0.199569	0.265732	0.310534	0.224165	0.201455	0.372098	0.285439	0.266881	0.056508	0.044487	0.067376	0.031199	0.049562	0.088548	0.071646	0.055976	0.053158	0.103506	0.108398	0.045472	0.042583	0.051191	0.059226	0.071166	11798791.0	11798788.0
-46	0.201810	0.287732	0.306645	0.203813	0.194916	0.374412	0.291654	0.288318	0.063250	0.041879	0.061842	0.034838	0.046225	0.093370	0.072181	0.075955	0.048903	0.091203	0.117658	0.048881	0.027316	0.049481	0.057504	0.069511	11798788.0	11798788.0
-45	0.185695	0.275934	0.309185	0.229186	0.187143	0.379483	0.292206	0.274324	0.061405	0.035085	0.059203	0.030002	0.051237	0.095463	0.072842	0.056392	0.052812	0.092393	0.118785	0.045195	0.028859	0.055593	0.077857	0.066877	11798791.0	11798791.0
-44	0.194313	0.278534	0.328688	0.198466	0.134919	0.386227	0.306153	0.256719	0.046233	0.039417	0.082777	0.025887	0.049614	0.100250	0.069181	0.059489	0.056804	0.096456	0.120340	0.055087	0.020849	0.055029	0.080636	0.041951	11798791.0	11798787.0
-43	0.173499	0.291153	0.352934	0.182414	0.140197	0.416356	0.293640	0.262152	0.047996	0.036113	0.060842	0.028548	0.051067	0.102944	0.073127	0.064014	0.057300	0.112782	0.127503	0.055349	0.022192	0.053734	0.065028	0.041460	11798787.0	11798787.0
-42	0.178555	0.305573	0.326500	0.189372	0.141072	0.413078	0.302124	0.282014	0.043796	0.036487	0.070600	0.027672	0.052103	0.117369	0.074149	0.061952	0.058396	0.092229	0.129331	0.046543	0.023352	0.056441	0.063327	0.046252	11798791.0	11798791.0
-41	0.177648	0.302526	0.337406	0.182419	0.146911	0.360445	0.285101	0.279646	0.048920	0.037746	0.064739	0.026244	0.050816	0.093451	0.070845	0.087414	0.067149	0.091855	0.104293	0.074108	0.026759	0.053792	0.056880	0.044989	11798791.0	11798784.0
-40	0.193644	0.276845	0.296757	0.232754	0.188466	0.362211	0.264115	0.273229	0.041807	0.042255	0.066423	0.043159	0.049967	0.094264	0.067704	0.064910	0.049761	0.094119	0.106124	0.046753	0.043273	0.053828	0.075427	0.060227	11798784.0	11798784.0
-39	0.184808	0.284467	0.315677	0.215048	0.165506	0.359585	0.268449	0.282871	0.039414	0.054962	0.062676	0.027756	0.054324	0.095099	0.071204	0.063840	0.069322	0.096244	0.097038	0.053073	0.031612	0.057208	0.059504	0.066724	11798791.0	11798789.0
-38	0.194672	0.303513	0.290421	0.211394	0.157175	0.377716	0.282085	0.290058	0.044915	0.035745	0.084794	0.029219	0.051583	0.117483	0.070127	0.064320	0.055600	0.093330	0.096776	0.044715	0.032226	0.057440	0.070913	0.050814	11798789.0	11798789.0
-37	0.184324	0.303998	0.322610	0.189069	0.148975	0.377494	0.292496	0.261510	0.046390	0.036240	0.074304	0.027390	0.072769	0.088610	0.075385	0.067233	0.060356	0.102052	0.111446	0.048756	0.022761	0.053233	0.060641	0.052434	11798791.0	11798791.0
-36	0.202276	0.280135	0.321776	0.195813	0.173560	0.363970	0.283354	0.260309	0.048351	0.036972	0.069911	0.047042	0.062827	0.083041	0.072101	0.062166	0.064903	0.108639	0.100189	0.048045	0.023527	0.060463	0.057183	0.054640	11798791.0	11798790.0
-35	0.199608	0.289114	0.299384	0.211893	0.153471	0.357093	0.295119	0.271257	0.046833	0.039879	0.085128	0.027769	0.055645	0.077078	0.087470	0.068921	0.058761	0.088148	0.104397	0.048078	0.025004	0.071393	0.061631	0.053865	11798790.0	11798786.0
-34	0.186244	0.276498	0.338626	0.198633	0.149202	0.366431	0.287157	0.245784	0.048720	0.042465	0.069732	0.025327	0.051514	0.080851	0.084495	0.059637	0.061548	0.093928	0.107157	0.075993	0.027082	0.057222	0.066255	0.048074	11798787.0	11798784.0
-33	0.188863	0.274466	0.327639	0.209031	0.161715	0.348664	0.269168	0.269733	0.037618	0.047748	0.070319	0.033178	0.048161	0.087305	0.061587	0.077414	0.053742	0.092284	0.107488	0.074125	0.040213	0.054309	0.063804	0.050705	11798788.0	11798787.0
-32	0.179734	0.281646	0.303197	0.235423	0.186741	0.343312	0.252799	0.274508	0.036232	0.036828	0.061231	0.045444	0.049439	0.090422	0.060833	0.080953	0.053519	0.090239	0.101818	0.057621	0.049836	0.047904	0.082453	0.055230	11798790.0	11798790.0
-31	0.189025	0.265393	0.306334	0.239247	0.195840	0.311951	0.257668	0.273761	0.036451	0.045416	0.058315	0.048843	0.049875	0.079443	0.053923	0.082152	0.072421	0.088105	0.090480	0.055328	0.049787	0.051407	0.077294	0.060760	11798791.0	11798790.0
-30	0.208534	0.264371	0.280013	0.247082	0.228420	0.311825	0.253748	0.283833	0.041512	0.057847	0.053477	0.055698	0.051520	0.082089	0.052279	0.078484	0.056638	0.075338	0.102120	0.045916	0.066357	0.058407	0.057465	0.064853	11798790.0	11798788.0
-29	0.216027	0.273681	0.265341	0.244952	0.250164	0.286614	0.261973	0.267512	0.060079	0.041719	0.054220	0.060010	0.072909	0.085390	0.050220	0.065161	0.069436	0.072764	0.078239	0.044902	0.065363	0.052248	0.062628	0.064713	11798789.0	11798789.0
-28	0.267787	0.252121	0.245307	0.234786	0.284298	0.265430	0.293162	0.252363	0.080255	0.038800	0.073791	0.074940	0.052779	0.074098	0.056264	0.068979	0.067344	0.063296	0.071772	0.042894	0.068090	0.048273	0.057409	0.061013	11798791.0	11798787.0
-27	0.268469	0.224467	0.259237	0.247827	0.278042	0.254179	0.314329	0.261826	0.108371	0.039121	0.069022	0.051955	0.054232	0.066425	0.041901	0.061910	0.064162	0.073080	0.072774	0.049221	0.057374	0.073148	0.056962	0.060342	11798787.0	11798787.0
-26	0.284139	0.251774	0.240659	0.223429	0.256642	0.259286	0.316478	0.273779	0.106349	0.045891	0.081332	0.050567	0.043440	0.071584	0.047471	0.089278	0.053394	0.064828	0.075403	0.047034	0.047636	0.060826	0.062876	0.052090	11798791.0	11798791.0
-25	0.250819	0.243130	0.267082	0.238969	0.201494	0.314421	0.323912	0.261527	0.087894	0.040702	0.087939	0.034285	0.043501	0.085479	0.055962	0.058188	0.053382	0.078283	0.094697	0.040720	0.036096	0.074641	0.085013	0.043219	11798791.0	11798788.0
-24	0.220874	0.279105	0.323610	0.176411	0.166765	0.355960	0.314244	0.256146	0.061794	0.041311	0.085243	0.032526	0.049325	0.099462	0.060466	0.069851	0.063651	0.092476	0.103556	0.063927	0.031064	0.045452	0.058514	0.041382	11798788.0	11798765.0
-23	0.205834	0.278701	0.307780	0.207686	0.151018	0.366125	0.288386	0.243733	0.047648	0.042457	0.080861	0.034868	0.066758	0.081111	0.071322	0.059509	0.050430	0.104245	0.109447	0.043658	0.023326	0.057937	0.081247	0.045176	11798768.0	11798747.0
-22	0.188162	0.285750	0.342876	0.183212	0.149333	0.399432	0.295217	0.242963	0.039756	0.038122	0.066769	0.043515	0.057762	0.087851	0.082861	0.057275	0.065047	0.105076	0.123644	0.049109	0.021177	0.052953	0.064198	0.044885	11798770.0	11798742.0
-21	0.183742	0.284000	0.337472	0.194785	0.127023	0.391636	0.293696	0.235275	0.042233	0.040115	0.076998	0.024397	0.052398	0.083249	0.080414	0.067938	0.064530	0.118038	0.109935	0.044970	0.021982	0.045678	0.088715	0.038411	11798763.0	11798740.0
-20	0.181143	0.287078	0.356061	0.175717	0.142954	0.408712	0.315763	0.247084	0.050639	0.035923	0.067533	0.027048	0.050364	0.089566	0.086044	0.061101	0.071883	0.107394	0.125707	0.051078	0.020713	0.051862	0.058589	0.044554	11798768.0	11798735.0
-19	0.193599	0.284745	0.337873	0.183783	0.136623	0.398786	0.295931	0.258583	0.043340	0.044389	0.081591	0.024279	0.049276	0.086939	0.075053	0.073476	0.054589	0.120383	0.116410	0.046490	0.021342	0.050506	0.064274	0.047662	11798758.0	11798742.0
-18	0.168546	0.302216	0.337328	0.191909	0.137581	0.384478	0.278406	0.277997	0.041236	0.043747	0.059492	0.024072	0.053798	0.084920	0.073039	0.090458	0.055132	0.103973	0.122546	0.055677	0.027319	0.057664	0.061972	0.044955	11798775.0	11798760.0
-17	0.177485	0.290303	0.317049	0.215163	0.151142	0.383049	0.276736	0.273092	0.047139	0.037773	0.065629	0.026945	0.056487	0.097720	0.072726	0.063369	0.057700	0.106334	0.106269	0.046747	0.020645	0.055589	0.082516	0.056414	11798776.0	11798750.0
-16	0.181969	0.297416	0.327138	0.193476	0.149501	0.370534	0.259450	0.264377	0.044390	0.042930	0.068545	0.026104	0.060296	0.087200	0.075862	0.074057	0.051548	0.112505	0.094966	0.068119	0.031862	0.055975	0.058495	0.047145	11798765.0	11798750.0
-15	0.188095	0.298610	0.297868	0.215427	0.168564	0.366459	0.272904	0.262588	0.051075	0.047510	0.064885	0.024624	0.054272	0.080893	0.094715	0.068728	0.059448	0.093355	0.097496	0.047570	0.038661	0.058764	0.063800	0.054203	11798776.0	11798757.0
-14	0.203455	0.280522	0.320896	0.195127	0.156604	0.376417	0.292868	0.256498	0.058725	0.058808	0.063781	0.022141	0.059903	0.083675	0.072739	0.064204	0.057557	0.107197	0.112806	0.043337	0.020970	0.053850	0.065539	0.054768	11798772.0	11798769.0
-13	0.197154	0.303530	0.314864	0.184452	0.141598	0.393428	0.296127	0.286762	0.044770	0.044680	0.081252	0.026452	0.050078	0.118314	0.075211	0.059927	0.071456	0.101253	0.098650	0.043505	0.020443	0.058589	0.055488	0.049933	11798788.0	11798783.0
-12	0.186747	0.322836	0.310600	0.179817	0.149507	0.376118	0.287217	0.266026	0.054826	0.042538	0.067634	0.021749	0.075737	0.101270	0.078529	0.067300	0.068598	0.100161	0.096159	0.045683	0.028424	0.052948	0.053937	0.044508	11798786.0	11798784.0
-11	0.227585	0.296916	0.296259	0.179240	0.158649	0.352400	0.294381	0.267727	0.058373	0.059966	0.077084	0.032162	0.051992	0.095275	0.072777	0.076872	0.066813	0.092237	0.092111	0.045098	0.023435	0.050899	0.060226	0.044680	11798789.0	11798785.0
-10	0.200612	0.298378	0.302198	0.198812	0.150936	0.359701	0.278269	0.284785	0.046982	0.040236	0.085707	0.027688	0.052028	0.102352	0.071349	0.072649	0.052990	0.093410	0.092591	0.063207	0.023208	0.056726	0.065821	0.053059	11798787.0	11798784.0
-9	0.175208	0.292723	0.315467	0.216602	0.176772	0.350455	0.264148	0.298275	0.043487	0.034954	0.062338	0.034429	0.056308	0.080231	0.065442	0.090742	0.054771	0.101231	0.103552	0.055913	0.026140	0.054586	0.063161	0.072716	11798788.0	11798785.0
-8	0.180707	0.271001	0.294492	0.253800	0.189723	0.331380	0.256847	0.297721	0.048170	0.045756	0.060087	0.026693	0.052807	0.076637	0.067764	0.073793	0.060843	0.099233	0.087746	0.046670	0.036206	0.068637	0.070305	0.078654	11798788.0	11798787.0
-7	0.198026	0.290263	0.285902	0.225810	0.173082	0.329477	0.270179	0.267460	0.054911	0.040887	0.069329	0.032899	0.072351	0.083410	0.068354	0.066147	0.053378	0.085151	0.092562	0.054811	0.023742	0.056373	0.084164	0.061530	11798790.0	11798785.0
-6	0.204382	0.265821	0.314409	0.215388	0.169740	0.317722	0.261043	0.285084	0.042642	0.069318	0.062809	0.029612	0.051523	0.079125	0.061326	0.073847	0.066073	0.087753	0.089518	0.071065	0.026290	0.060916	0.056986	0.071196	11798786.0	11798783.0
-5	0.186529	0.297112	0.270639	0.245720	0.155652	0.329508	0.233603	0.333071	0.046338	0.048830	0.065381	0.025981	0.067795	0.095559	0.059068	0.074689	0.057350	0.110345	0.064536	0.038409	0.026843	0.106332	0.056054	0.056491	11798788.0	11798783.0
-4	0.198325	0.361067	0.245038	0.195570	0.158625	0.358659	0.250767	0.289410	0.042383	0.035641	0.076018	0.044283	0.063355	0.088519	0.112414	0.096779	0.044359	0.069719	0.088007	0.042953	0.021201	0.053354	0.070257	0.050758	11798786.0	11798784.0
-3	0.171298	0.247233	0.346695	0.234774	0.169751	0.356493	0.290067	0.299559	0.032404	0.032905	0.071976	0.034013	0.033300	0.067931	0.055428	0.090574	0.046802	0.094249	0.138885	0.066760	0.018864	0.056584	0.074856	0.084469	11798789.0	11798789.0
-2	0.131370	0.251668	0.341145	0.275816	0.140874	0.387249	0.137140	0.474906	0.012745	0.067827	0.026759	0.024040	0.009949	0.150899	0.012102	0.078718	0.025465	0.152076	0.072171	0.091432	0.007615	0.148815	0.022912	0.096473	11798791.0	11798790.0
-1	0.055774	0.519618	0.133944	0.290664	0.165769	0.175082	0.148913	0.124891	0.023868	0.002294	0.025366	0.004247	0.355471	0.044156	0.088118	0.031873	0.062735	0.005864	0.036945	0.028401	0.122755	0.033963	0.119047	0.014898	11798790.0	11798790.0
0	0.564829	0.086277	0.269476	0.079419	0.260464	0.116115	0.429405	0.101823	0.083936	0.113333	0.236290	0.131269	0.010613	0.013249	0.010505	0.051910	0.074816	0.057998	0.034363	0.102298	0.025871	0.017276	0.016884	0.019387	11798791.0	11798791.0
1	0.195236	0.201857	0.298042	0.304865	0.227623	0.179875	0.285344	0.280566	0.037380	0.037153	0.083537	0.037166	0.058154	0.032003	0.032360	0.079340	0.092446	0.043531	0.071981	0.090085	0.052418	0.068563	0.083224	0.100660	11798791.0	11798791.0
2	0.240397	0.181250	0.271103	0.307250	0.218040	0.221813	0.289637	0.285272	0.046937	0.063858	0.092938	0.036664	0.040949	0.036663	0.036224	0.067413	0.066831	0.065995	0.082931	0.055346	0.034726	0.081483	0.091328	0.099713	11798791.0	11798791.0
3	0.189444	0.247999	0.303421	0.259137	0.196365	0.238275	0.255747	0.325181	0.047203	0.050883	0.058261	0.033097	0.036009	0.051990	0.048715	0.111285	0.081965	0.069251	0.068319	0.083887	0.029204	0.075045	0.068026	0.086861	11798791.0	11798791.0
4	0.194380	0.247170	0.243321	0.315129	0.231803	0.256597	0.222928	0.340552	0.048339	0.049809	0.057034	0.039199	0.035449	0.070542	0.055546	0.085633	0.058185	0.071139	0.059370	0.054626	0.043727	0.083839	0.087025	0.100538	11798791.0	11798791.0
5	0.185701	0.275329	0.258975	0.279996	0.209817	0.291745	0.220004	0.291044	0.036128	0.043947	0.052192	0.053433	0.039193	0.069900	0.075940	0.090296	0.058889	0.073111	0.072794	0.054180	0.057705	0.068298	0.091442	0.062550	11798791.0	11798791.0
6	0.191916	0.255256	0.292369	0.260460	0.179111	0.295923	0.247868	0.271394	0.040002	0.043375	0.056557	0.051983	0.040264	0.061991	0.069990	0.083010	0.066900	0.079533	0.084409	0.061526	0.026646	0.065912	0.107422	0.060480	11798791.0	11798789.0
7	0.173812	0.250811	0.318377	0.256999	0.168338	0.304498	0.257114	0.295341	0.040464	0.040493	0.056960	0.035895	0.039717	0.065045	0.066514	0.079535	0.070380	0.083629	0.089310	0.075059	0.028596	0.087378	0.077642	0.063383	11798789.0	11798789.0
8	0.179157	0.276545	0.290427	0.253872	0.178470	0.291878	0.259310	0.283862	0.040653	0.035890	0.066801	0.035813	0.055931	0.068147	0.066900	0.085567	0.065866	0.070840	0.085990	0.067730	0.041723	0.069866	0.082001	0.060282	11798791.0	11798791.0
9	0.204173	0.244744	0.301692	0.249392	0.162700	0.305622	0.309436	0.261949	0.042316	0.036240	0.100786	0.024830	0.036362	0.057317	0.075006	0.076059	0.075527	0.082491	0.090807	0.052867	0.026260	0.059279	0.094558	0.069294	11798791.0	11798789.0
10	0.180464	0.235328	0.361158	0.223050	0.154073	0.300558	0.335386	0.237326	0.041140	0.040975	0.070017	0.028332	0.036137	0.047580	0.072565	0.079045	0.122160	0.078343	0.102069	0.058585	0.027400	0.053499	0.084949	0.057201	11798789.0	11798789.0
11	0.226837	0.220398	0.329601	0.223164	0.160106	0.307361	0.330967	0.229195	0.045639	0.058337	0.090231	0.032631	0.042017	0.049465	0.062405	0.066512	0.078870	0.079266	0.116226	0.055239	0.029360	0.060742	0.080586	0.052477	11798791.0	11798791.0
12	0.195885	0.247808	0.349448	0.206858	0.153497	0.310433	0.313181	0.246011	0.046569	0.041108	0.076991	0.031217	0.042143	0.047421	0.054924	0.103321	0.091413	0.109880	0.098208	0.049947	0.030622	0.050181	0.080967	0.045088	11798791.0	11798791.0
13	0.210747	0.248591	0.311090	0.229573	0.162637	0.285982	0.293095	0.245892	0.048953	0.047277	0.076744	0.037773	0.052107	0.057280	0.055803	0.083400	0.083577	0.089077	0.083822	0.054614	0.029079	0.058380	0.095282	0.046832	11798791.0	11798791.0
14	0.213716	0.252014	0.311650	0.222619	0.158878	0.283326	0.292612	0.269533	0.047570	0.061017	0.075053	0.030076	0.040104	0.054898	0.056917	0.100095	0.085988	0.087510	0.084001	0.054152	0.030170	0.063479	0.077909	0.051062	11798791.0	11798791.0
15	0.203832	0.266903	0.293880	0.235385	0.181713	0.290795	0.262563	0.286004	0.041790	0.043692	0.067849	0.050500	0.057321	0.057156	0.055918	0.096509	0.065819	0.090616	0.087106	0.050340	0.023202	0.066117	0.079845	0.066222	11798791.0	11798791.0
16	0.188131	0.257581	0.290717	0.263571	0.150782	0.299666	0.255122	0.288526	0.036117	0.041849	0.069559	0.040606	0.041372	0.062071	0.059410	0.094727	0.062628	0.091366	0.086818	0.049905	0.024328	0.081997	0.107516	0.049731	11798791.0	11798791.0
17	0.164445	0.277283	0.323304	0.234968	0.135904	0.295298	0.285474	0.267843	0.039050	0.035681	0.068501	0.021214	0.058763	0.060948	0.061274	0.096298	0.083683	0.078837	0.094239	0.066544	0.023542	0.058500	0.100828	0.052098	11798791.0	11798791.0
18	0.205039	0.233965	0.324843	0.236154	0.170367	0.282389	0.308333	0.258680	0.050888	0.040817	0.083656	0.029677	0.044716	0.056692	0.054321	0.078235	0.083283	0.080869	0.090505	0.070185	0.027917	0.061868	0.084484	0.061885	11798791.0	11798791.0
19	0.206804	0.240246	0.312967	0.239982	0.160965	0.289042	0.305120	0.245753	0.049859	0.047272	0.082316	0.027358	0.049329	0.058250	0.053158	0.079509	0.084080	0.088768	0.088865	0.051254	0.029632	0.053877	0.102357	0.054117	11798791.0	11798791.0
20	0.212899	0.248167	0.326696	0.212237	0.164869	0.297360	0.316460	0.233680	0.045851	0.045114	0.084967	0.036967	0.044679	0.056112	0.060749	0.086628	0.092608	0.087465	0.093034	0.053589	0.039245	0.048134	0.082051	0.042807	11798791.0	11798788.0
21	0.222383	0.236825	0.320802	0.219990	0.149616	0.299463	0.297385	0.236503	0.041823	0.064216	0.075791	0.040553	0.043635	0.051295	0.060044	0.081852	0.077117	0.085470	0.102654	0.055561	0.026295	0.062412	0.090339	0.040945	11798788.0	11798788.0
22	0.188869	0.263392	0.328828	0.218911	0.143474	0.311420	0.315833	0.238303	0.045215	0.039473	0.079493	0.024688	0.044030	0.051362	0.072384	0.095616	0.082080	0.078629	0.109044	0.059074	0.028608	0.046361	0.098978	0.044964	11798791.0	11798791.0
23	0.199933	0.215826	0.359900	0.224342	0.147886	0.321566	0.336723	0.199636	0.049706	0.042154	0.080991	0.027082	0.041388	0.047534	0.062881	0.064024	0.084830	0.089956	0.121196	0.063917	0.027403	0.044383	0.108860	0.043695	11798791.0	11798789.0
24	0.203327	0.224027	0.373928	0.198718	0.146323	0.295696	0.321250	0.196817	0.047325	0.042619	0.086674	0.026708	0.055459	0.047006	0.058075	0.063487	0.082656	0.086019	0.104595	0.100658	0.031983	0.046017	0.080411	0.040307	11798789.0	11798789.0
25	0.217423	0.221662	0.329756	0.231159	0.194164	0.285406	0.314600	0.235276	0.053772	0.045832	0.082390	0.035429	0.048404	0.048981	0.057919	0.066358	0.086775	0.086844	0.091663	0.064474	0.034666	0.049640	0.076556	0.070297	11798791.0	11798791.0
26	0.223617	0.231297	0.308528	0.236559	0.167684	0.293802	0.331811	0.187220	0.048985	0.042333	0.104195	0.028104	0.052812	0.046145	0.064967	0.067372	0.079930	0.083989	0.098701	0.045908	0.058939	0.042046	0.103917	0.031656	11798791.0	11798791.0
27	0.240666	0.214513	0.371780	0.173041	0.152605	0.324155	0.377866	0.172953	0.051868	0.043357	0.102449	0.042992	0.051407	0.049441	0.060601	0.053065	0.098935	0.089500	0.124614	0.058731	0.027732	0.040434	0.074861	0.030013	11798791.0	11798791.0
28	0.229942	0.222732	0.362525	0.184802	0.160846	0.306864	0.347115	0.196483	0.071497	0.043277	0.088030	0.027137	0.058369	0.048798	0.055566	0.059999	0.083954	0.098866	0.103634	0.076072	0.028173	0.053647	0.068942	0.034039	11798791.0	11798791.0
29	0.241993	0.244588	0.316172	0.197246	0.171426	0.306277	0.291522	0.213890	0.043202	0.051228	0.089516	0.058047	0.066911	0.056120	0.063095	0.058461	0.062893	0.091150	0.095912	0.066218	0.021927	0.051060	0.076010	0.048249	11798791.0	11798790.0
30	0.194933	0.249558	0.324533	0.230976	0.144910	0.316092	0.281627	0.251929	0.047529	0.047319	0.073977	0.026108	0.057222	0.058354	0.064561	0.069421	0.063282	0.096338	0.096839	0.068075	0.028841	0.081721	0.077982	0.042432	11798790.0	11798785.0
31	0.196873	0.283733	0.313358	0.206036	0.145993	0.302634	0.276009	0.270870	0.047412	0.044533	0.073619	0.031310	0.059347	0.062125	0.059024	0.103236	0.061398	0.087904	0.093580	0.070476	0.025316	0.063554	0.075211	0.041955	11798786.0	11798785.0
32	0.193473	0.258115	0.301434	0.246977	0.154683	0.312360	0.272756	0.285788	0.034208	0.040010	0.083995	0.035260	0.053996	0.070973	0.061607	0.071540	0.057134	0.082361	0.097420	0.064520	0.022561	0.080622	0.081140	0.062654	11798790.0	11798790.0
33	0.167899	0.273966	0.324162	0.233974	0.158497	0.308474	0.255802	0.278280	0.037552	0.036614	0.064530	0.029203	0.069251	0.066952	0.060389	0.077373	0.060853	0.088265	0.092867	0.082176	0.024723	0.066935	0.075296	0.067020	11798791.0	11798791.0
34	0.192379	0.258766	0.293083	0.255772	0.175536	0.293450	0.259775	0.281702	0.040016	0.039471	0.065162	0.047729	0.053536	0.071014	0.053602	0.080614	0.068565	0.082803	0.086031	0.055683	0.028797	0.071080	0.096902	0.058994	11798791.0	11798791.0
35	0.190914	0.264368	0.301697	0.243021	0.167508	0.316042	0.284670	0.279623	0.045394	0.043043	0.073534	0.028943	0.048551	0.068360	0.064868	0.082588	0.060412	0.077485	0.105329	0.058471	0.024196	0.059699	0.090151	0.068975	11798791.0	11798791.0
36	0.178554	0.248587	0.333882	0.238977	0.177370	0.324645	0.277564	0.283202	0.043885	0.041339	0.063873	0.029457	0.045981	0.072038	0.053351	0.077217	0.062185	0.091635	0.107621	0.072441	0.029062	0.058981	0.075968	0.074966	11798791.0	11798791.0
37	0.181113	0.263992	0.300813	0.254082	0.180418	0.325710	0.257874	0.304919	0.046412	0.044147	0.063331	0.027223	0.051130	0.080020	0.057919	0.074924	0.060229	0.099871	0.087901	0.052812	0.028411	0.071604	0.075695	0.078372	11798791.0	11798791.0
38	0.186183	0.295641	0.284846	0.233330	0.186456	0.295621	0.260187	0.305743	0.044078	0.036486	0.067794	0.037825	0.069111	0.068134	0.057975	0.100421	0.058374	0.079572	0.089941	0.056959	0.026942	0.059577	0.069199	0.077611	11798791.0	11798791.0
39	0.198505	0.243769	0.284910	0.272816	0.220599	0.295336	0.281344	0.288374	0.062587	0.036042	0.071584	0.028293	0.048804	0.066002	0.053734	0.075229	0.059120	0.087547	0.088054	0.050190	0.049090	0.066513	0.076583	0.080630	11798791.0	11798789.0
40	0.219600	0.256104	0.289955	0.234342	0.176691	0.307960	0.272166	0.280964	0.042954	0.071868	0.076087	0.028691	0.048028	0.073784	0.057046	0.077245	0.058491	0.082496	0.094634	0.054334	0.032652	0.057540	0.071755	0.072395	11798789.0	11798789.0
41	0.182126	0.285688	0.299522	0.232665	0.177406	0.316770	0.264709	0.292658	0.042924	0.041460	0.066710	0.031032	0.068826	0.073923	0.058070	0.084869	0.064077	0.093780	0.090998	0.050667	0.029779	0.060195	0.069020	0.073671	11798791.0	11798791.0
42	0.205606	0.269357	0.284798	0.240239	0.163894	0.307863	0.263628	0.276540	0.042443	0.059749	0.076332	0.027083	0.046985	0.074888	0.058205	0.089279	0.056847	0.086763	0.088007	0.053181	0.041984	0.059988	0.085882	0.052385	11798791.0	11798788.0
43	0.188259	0.281388	0.308426	0.221928	0.163873	0.341487	0.261146	0.297213	0.043055	0.046807	0.068357	0.030041	0.047121	0.096976	0.059370	0.077921	0.054753	0.090159	0.094982	0.068532	0.029847	0.061384	0.069765	0.060932	11798788.0	11798787.0
44	0.174775	0.295326	0.292474	0.237425	0.162321	0.326862	0.251629	0.297918	0.036175	0.040533	0.064891	0.033176	0.063878	0.077251	0.059394	0.094804	0.053269	0.092923	0.097294	0.048988	0.036504	0.069396	0.075058	0.056467	11798790.0	11798790.0
45	0.189825	0.280102	0.296638	0.233435	0.164345	0.326510	0.282294	0.307111	0.048102	0.033372	0.085977	0.022373	0.043643	0.081317	0.060179	0.094963	0.053103	0.089902	0.095111	0.058521	0.035030	0.071991	0.067574	0.058840	11798791.0	11798789.0
46	0.179878	0.276583	0.308842	0.234697	0.148714	0.333304	0.271943	0.302528	0.043308	0.034444	0.080799	0.021327	0.045443	0.087467	0.063081	0.080591	0.053364	0.088285	0.094471	0.072722	0.022574	0.072966	0.077653	0.061505	11798789.0	11798788.0
47	0.164690	0.283161	0.316005	0.236144	0.152142	0.355881	0.286629	0.294568	0.045898	0.030127	0.065310	0.023355	0.052677	0.086072	0.066778	0.077634	0.060858	0.088467	0.114563	0.052116	0.035176	0.083150	0.070106	0.047712	11798790.0	11798784.0
48	0.194609	0.287816	0.316757	0.200817	0.157992	0.370401	0.288344	0.269518	0.044478	0.037269	0.080578	0.032284	0.046066	0.085850	0.081390	0.074509	0.065351	0.105224	0.097937	0.048245	0.027926	0.055855	0.063733	0.053304	11798785.0	11798759.0
49	0.183821	0.284198	0.323639	0.208343	0.160908	0.325635	0.305383	0.288249	0.048701	0.034975	0.071470	0.028675	0.050054	0.085525	0.058429	0.090190	0.088173	0.084641	0.097039	0.053785	0.029715	0.058716	0.066094	0.053818	11798765.0	11798764.0
50	0.216642	0.263857	0.293032	0.226469	0.190935	0.330249	0.281486	0.269182	0.050724	0.038400	0.068229	0.059288	0.055430	0.080611	0.059687	0.068129	0.057037	0.084455	0.105496	0.046045	0.025943	0.065463	0.080084	0.054979	11798790.0	11798789.0
51	0.189133	0.268929	0.313496	0.228441	0.166369	0.326934	0.303053	0.280609	0.053183	0.037182	0.072333	0.026435	0.057459	0.082343	0.055188	0.073938	0.073366	0.085232	0.104171	0.050728	0.024451	0.062028	0.079663	0.062300	11798790.0	11798788.0
52	0.208459	0.266785	0.311355	0.213401	0.170594	0.327393	0.315055	0.283008	0.051464	0.037407	0.091017	0.028571	0.052387	0.081923	0.054402	0.078073	0.060320	0.078814	0.112254	0.059967	0.027878	0.060331	0.062511	0.062682	11798789.0	11798789.0
53	0.192049	0.258475	0.320184	0.229292	0.173412	0.354740	0.302409	0.289211	0.051360	0.039175	0.067360	0.034154	0.049849	0.083487	0.055337	0.069802	0.055109	0.087336	0.128580	0.049159	0.025446	0.073470	0.067925	0.062451	11798791.0	11798790.0
54	0.181763	0.283468	0.319202	0.215567	0.169442	0.362687	0.286693	0.294302	0.052559	0.037407	0.063361	0.028436	0.057135	0.098412	0.053924	0.073998	0.060785	0.100363	0.109988	0.048065	0.025557	0.059002	0.068118	0.062890	11798790.0	11798787.0
55	0.196035	0.295184	0.295391	0.213390	0.170602	0.333542	0.280901	0.282626	0.050495	0.036667	0.078788	0.030085	0.061993	0.075969	0.064699	0.092522	0.052860	0.094116	0.098758	0.049657	0.032475	0.056588	0.066780	0.057546	11798788.0	11798782.0
56	0.197823	0.263341	0.309025	0.229811	0.161032	0.317570	0.287881	0.273445	0.048758	0.044276	0.075238	0.029551	0.053097	0.074695	0.057475	0.078074	0.059111	0.080626	0.104774	0.064514	0.024686	0.062639	0.084449	0.058037	11798785.0	11798780.0
57	0.185651	0.262236	0.321936	0.230177	0.178500	0.335050	0.284394	0.271371	0.047213	0.037895	0.065984	0.034559	0.049128	0.088145	0.057023	0.067940	0.067064	0.085749	0.104133	0.064989	0.039859	0.058418	0.075031	0.056869	11798786.0	11798786.0
58	0.203264	0.270207	0.302171	0.224358	0.173513	0.328651	0.288701	0.288028	0.048941	0.039734	0.071276	0.043313	0.056791	0.082514	0.054807	0.076094	0.056626	0.079472	0.111858	0.054215	0.029019	0.077180	0.065920	0.052239	11798791.0	11798782.0
59	0.191377	0.278900	0.303860	0.225862	0.170676	0.321400	0.281876	0.287968	0.046543	0.039381	0.070321	0.035132	0.051676	0.084726	0.057201	0.085297	0.070067	0.084528	0.094945	0.054321	0.027145	0.056089	0.080772	0.061856	11798782.0	11798776.0
60	0.195431	0.264725	0.303238	0.236606	0.172861	0.332926	0.277844	0.282754	0.050470	0.041527	0.072256	0.031179	0.051497	0.082605	0.054526	0.076097	0.059280	0.099957	0.095838	0.048163	0.031336	0.064176	0.081218	0.059876	11798785.0	11798784.0
61	0.192583	0.288265	0.303837	0.215315	0.168230	0.315112	0.300311	0.279104	0.050511	0.041544	0.069661	0.030867	0.076246	0.082348	0.057416	0.072255	0.084357	0.079568	0.095782	0.044130	0.030132	0.067780	0.060683	0.056720	11798790.0	11798787.0
62	0.241246	0.271240	0.283540	0.203974	0.188143	0.316693	0.280914	0.266078	0.053419	0.059397	0.075856	0.052573	0.057911	0.083435	0.058459	0.071435	0.057331	0.080491	0.094307	0.051411	0.027810	0.056868	0.064955	0.054340	11798788.0	11798782.0
63	0.196471	0.280192	0.293578	0.229759	0.195374	0.324967	0.286255	0.291041	0.052719	0.037032	0.069718	0.037001	0.070005	0.082194	0.057366	0.070626	0.061227	0.082816	0.102590	0.046944	0.028156	0.060723	0.063383	0.077497	11798785.0	11798784.0
64	0.212107	0.262765	0.293058	0.232070	0.211736	0.319499	0.279635	0.295208	0.053494	0.035549	0.067628	0.055436	0.053622	0.091626	0.050492	0.067025	0.061175	0.080043	0.097338	0.054502	0.035328	0.069079	0.060185	0.067478	11798790.0	11798790.0
65	0.203620	0.276297	0.275642	0.244441	0.213019	0.303447	0.269565	0.314786	0.060328	0.038958	0.066012	0.038321	0.054906	0.082641	0.053317	0.085433	0.056072	0.080336	0.087153	0.052082	0.030469	0.062811	0.067260	0.083901	11798791.0	11798791.0
66	0.201776	0.264747	0.273741	0.259737	0.209603	0.318441	0.268557	0.301917	0.050417	0.048859	0.068939	0.033560	0.052283	0.089193	0.057447	0.065824	0.052654	0.075255	0.096546	0.049286	0.041516	0.062791	0.071320	0.084110	11798791.0	11798791.0
67	0.196871	0.276098	0.294253	0.232779	0.203819	0.333005	0.274537	0.291463	0.047020	0.038540	0.064841	0.046469	0.057682	0.089578	0.058731	0.070107	0.061468	0.083488	0.101208	0.048088	0.034668	0.056115	0.066334	0.075662	11798791.0	11798788.0
68	0.200837	0.267722	0.291114	0.240327	0.172346	0.327573	0.281333	0.277860	0.055657	0.037536	0.072964	0.034680	0.052594	0.088690	0.055765	0.070672	0.056982	0.087387	0.095730	0.051014	0.024069	0.060558	0.097760	0.057939	11798788.0	11798788.0
69	0.189303	0.274172	0.322219	0.214306	0.158968	0.361257	0.307605	0.277167	0.047936	0.045659	0.067879	0.027828	0.048708	0.082560	0.062070	0.080834	0.056753	0.081591	0.135037	0.048838	0.027868	0.058437	0.072665	0.055336	11798791.0	11798791.0
70	0.181265	0.268247	0.337651	0.212837	0.162171	0.341728	0.259939	0.266831	0.042235	0.036711	0.066318	0.036001	0.051504	0.085296	0.059104	0.072343	0.055221	0.101163	0.096165	0.085102	0.032806	0.058062	0.070840	0.051129	11798791.0	11798791.0
71	0.181766	0.281233	0.292427	0.244575	0.197215	0.319918	0.263444	0.313645	0.045655	0.038795	0.063237	0.034078	0.052521	0.087519	0.056197	0.084996	0.061442	0.083093	0.093109	0.054783	0.045625	0.069274	0.057819	0.071856	11798791.0	11798791.0
72	0.205243	0.278681	0.270362	0.245713	0.210956	0.314154	0.262983	0.305119	0.050803	0.036406	0.068000	0.050035	0.049763	0.086360	0.062090	0.080469	0.057528	0.079051	0.086653	0.047130	0.043312	0.071485	0.064111	0.066806	11798791.0	11798791.0
73	0.201405	0.273301	0.280854	0.244441	0.190655	0.320574	0.265540	0.303052	0.054908	0.037340	0.064650	0.044506	0.056087	0.087884	0.055831	0.073499	0.051336	0.082214	0.094646	0.052659	0.031788	0.082217	0.070984	0.059453	11798791.0	11798787.0
74	0.194119	0.289654	0.286110	0.230117	0.178678	0.316877	0.268390	0.295341	0.047847	0.042717	0.066941	0.036614	0.050581	0.083976	0.064908	0.090189	0.063793	0.078183	0.089810	0.054324	0.030538	0.057497	0.078403	0.063680	11798787.0	11798786.0
75	0.192758	0.262372	0.300061	0.244808	0.198818	0.325563	0.273883	0.306382	0.047418	0.038148	0.072381	0.034812	0.053444	0.091135	0.052834	0.064959	0.055045	0.082554	0.099040	0.063423	0.024733	0.058433	0.069787	0.091855	11798790.0	11798784.0
76	0.180639	0.270270	0.294042	0.255049	0.204888	0.333470	0.271692	0.319034	0.049205	0.037033	0.064925	0.029476	0.052128	0.083928	0.062946	0.071269	0.054821	0.083855	0.102742	0.052624	0.027259	0.064889	0.063953	0.098948	11798785.0	11798784.0
77	0.183412	0.269705	0.294565	0.252317	0.170737	0.339413	0.262637	0.312825	0.048137	0.039154	0.064195	0.031927	0.049732	0.091432	0.058181	0.070360	0.053832	0.093326	0.096473	0.050933	0.025520	0.085881	0.075764	0.065153	11798790.0	11798789.0
78	0.177221	0.309793	0.294613	0.218372	0.173960	0.337192	0.263952	0.292876	0.043436	0.036503	0.065836	0.031446	0.070791	0.091019	0.068949	0.079033	0.057060	0.079605	0.097619	0.060330	0.030189	0.053935	0.065360	0.068888	11798790.0	11798785.0
79	0.201477	0.261062	0.297764	0.239697	0.205555	0.315432	0.269188	0.301103	0.044161	0.037377	0.065145	0.054795	0.053925	0.085336	0.053397	0.068404	0.064937	0.081753	0.094946	0.056128	0.024629	0.065392	0.067706	0.081971	11798786.0	11798786.0
80	0.187652	0.269857	0.281193	0.261298	0.180756	0.330070	0.275588	0.299556	0.048765	0.039237	0.070321	0.029328	0.052630	0.088812	0.059294	0.069121	0.056906	0.082369	0.099595	0.042322	0.036294	0.075255	0.083381	0.066368	11798791.0	11798788.0
81	0.194596	0.285673	0.312591	0.207140	0.176016	0.328431	0.284708	0.298266	0.054675	0.038787	0.065924	0.035211	0.052278	0.088904	0.055509	0.088982	0.066238	0.086146	0.097871	0.062335	0.023917	0.058166	0.062843	0.062213	11798788.0	11798788.0
82	0.197108	0.272003	0.282147	0.248742	0.165121	0.319324	0.260366	0.291631	0.046151	0.048665	0.067136	0.035156	0.054933	0.090901	0.054707	0.071463	0.057568	0.084205	0.089511	0.050863	0.026423	0.071876	0.093052	0.057391	11798791.0	11798791.0
83	0.185074	0.295647	0.304406	0.214873	0.167477	0.327304	0.283868	0.308912	0.047372	0.044149	0.063816	0.029738	0.052676	0.100633	0.055771	0.086568	0.079454	0.077673	0.093228	0.054051	0.026618	0.057962	0.066543	0.063749	11798791.0	11798789.0
84	0.206120	0.280417	0.279357	0.234106	0.178235	0.335030	0.265810	0.307709	0.045226	0.059603	0.065634	0.035656	0.056707	0.096072	0.056823	0.070814	0.054033	0.081218	0.100916	0.043190	0.032364	0.075834	0.060920	0.064989	11798789.0	11798788.0
85	0.188330	0.312728	0.284294	0.214649	0.180094	0.347854	0.276224	0.316581	0.052522	0.039574	0.067870	0.028364	0.064505	0.113580	0.054184	0.080458	0.058385	0.082642	0.097448	0.045819	0.032567	0.055902	0.059539	0.066641	11798790.0	11798790.0
86	0.207979	0.291698	0.279040	0.221282	0.196876	0.330889	0.279618	0.296635	0.054862	0.040907	0.075669	0.036540	0.070090	0.090575	0.062854	0.068179	0.052308	0.080682	0.096779	0.049272	0.026392	0.058799	0.057010	0.079081	11798791.0	11798789.0
87	0.203652	0.270963	0.292312	0.233073	0.219743	0.324673	0.271529	0.289682	0.046970	0.037124	0.059909	0.059649	0.056324	0.091347	0.054222	0.069071	0.065058	0.079513	0.099592	0.048149	0.044092	0.060232	0.059716	0.069032	11798789.0	11798788.0
88	0.212444	0.268216	0.273438	0.245902	0.211558	0.316764	0.257528	0.307260	0.047756	0.039646	0.065454	0.059588	0.056841	0.088681	0.055686	0.067007	0.055216	0.083294	0.089102	0.045826	0.028876	0.076234	0.065453	0.075337	11798790.0	11798789.0
89	0.188690	0.287855	0.275696	0.247759	0.204478	0.328500	0.267636	0.329559	0.047512	0.045698	0.066116	0.029364	0.054775	0.102535	0.054848	0.075697	0.060220	0.077330	0.093788	0.044359	0.035533	0.059259	0.060898	0.092068	11798790.0	11798789.0
90	0.198041	0.284821	0.275650	0.241488	0.197102	0.320542	0.266005	0.304309	0.047884	0.038841	0.071925	0.039390	0.070703	0.089248	0.056876	0.067995	0.054539	0.082761	0.091658	0.046693	0.028560	0.065798	0.065862	0.081268	11798790.0	11798790.0
91	0.201685	0.276647	0.286320	0.235347	0.215417	0.329035	0.261864	0.301089	0.047256	0.040834	0.064240	0.049355	0.053935	0.088197	0.065167	0.069348	0.056718	0.082022	0.093649	0.053931	0.034470	0.059208	0.057333	0.084336	11798791.0	11798791.0
92	0.192379	0.270261	0.280390	0.256970	0.223173	0.313622	0.266434	0.309073	0.053540	0.042859	0.061874	0.034107	0.053809	0.090115	0.056788	0.069549	0.062077	0.077776	0.088944	0.051594	0.048538	0.062420	0.059023	0.086989	11798791.0	11798791.0
93	0.217963	0.273170	0.266629	0.242238	0.203693	0.309409	0.267991	0.307047	0.056834	0.042039	0.067346	0.051743	0.058259	0.090368	0.050376	0.074167	0.054687	0.079542	0.089123	0.043277	0.028684	0.076080	0.071042	0.066432	11798791.0	11798791.0
94	0.198464	0.288029	0.277888	0.235619	0.180030	0.322790	0.282112	0.318194	0.054792	0.042060	0.072373	0.029239	0.054633	0.106220	0.054830	0.072345	0.066432	0.073225	0.088514	0.049716	0.032829	0.076459	0.063162	0.063170	11798791.0	11798791.0
95	0.208686	0.297964	0.278880	0.214470	0.172416	0.337588	0.280337	0.294990	0.053368	0.046864	0.075281	0.033173	0.070097	0.104569	0.052842	0.070457	0.055724	0.084214	0.095964	0.042978	0.028151	0.062241	0.066354	0.057724	11798791.0	11798791.0
96	0.207339	0.297888	0.290441	0.204331	0.183834	0.315226	0.299994	0.279486	0.066455	0.041358	0.068088	0.031439	0.078504	0.084759	0.054800	0.079825	0.066946	0.077162	0.098506	0.047828	0.027988	0.056949	0.061442	0.057953	11798791.0	11798791.0
97	0.239893	0.260228	0.282835	0.217044	0.218248	0.322092	0.310700	0.276852	0.083810	0.045265	0.075411	0.035407	0.053188	0.086054	0.054097	0.066890	0.055875	0.086337	0.095604	0.045018	0.028520	0.053397	0.064616	0.070512	11798791.0	11798786.0
98	0.221393	0.271053	0.289728	0.217826	0.197633	0.320341	0.271656	0.288071	0.048097	0.051642	0.066687	0.054968	0.051816	0.096182	0.052901	0.070154	0.066321	0.080707	0.090552	0.052149	0.030344	0.057511	0.065747	0.064224	11798786.0	11798784.0
99	0.196578	0.286041	0.275886	0.241495	0.182102	0.322649	0.265786	0.287110	0.051073	0.045120	0.065728	0.034656	0.052499	0.084752	0.064455	0.084336	0.054166	0.078624	0.094819	0.048277	0.034985	0.056633	0.088488	0.061388	11798789.0	11798788.0
100	0.192723	0.265130	0.313490	0.228657	0.181889	0.301895	0.266973	0.290977	0.051727	0.044880	0.065417	0.030699	0.059700	0.087739	0.049557	0.068133	0.059858	0.074627	0.089971	0.089033	0.027148	0.062790	0.066405	0.072315	11798790.0	11798790.0
101	0.198433	0.270037	0.271350	0.260180	0.199792	0.312133	0.265703	0.299546	0.052031	0.047575	0.067319	0.031509	0.057697	0.087933	0.057186	0.067221	0.056817	0.077477	0.089537	0.047519	0.030125	0.058265	0.085663	0.086128	11798791.0	11798790.0
102	0.196669	0.271249	0.299705	0.232377	0.170636	0.339885	0.279492	0.301745	0.047595	0.042135	0.073627	0.033312	0.056665	0.091622	0.053463	0.069499	0.053887	0.090418	0.104383	0.051017	0.027072	0.077968	0.064681	0.062657	11798790.0	11798785.0
103	0.185220	0.302142	0.296153	0.216485	0.171383	0.308480	0.281147	0.311891	0.050182	0.038782	0.064654	0.031603	0.058777	0.087298	0.054753	0.101314	0.077285	0.077403	0.089026	0.052439	0.027943	0.061623	0.065263	0.061656	11798786.0	11798786.0
104	0.214186	0.265105	0.273696	0.247012	0.199647	0.311137	0.285693	0.289469	0.069146	0.040764	0.070772	0.033504	0.059149	0.085376	0.055594	0.064987	0.053396	0.077789	0.092378	0.050132	0.031344	0.073453	0.076562	0.065654	11798791.0	11798791.0
105	0.213035	0.277382	0.295306	0.214277	0.202021	0.328794	0.293957	0.278009	0.070870	0.040333	0.067853	0.033978	0.072061	0.083474	0.053018	0.068829	0.056306	0.093375	0.098927	0.046698	0.029670	0.058203	0.058901	0.067503	11798791.0	11798791.0
106	0.228907	0.275385	0.278699	0.217008	0.199592	0.312431	0.283200	0.280549	0.056526	0.055928	0.064543	0.051910	0.050579	0.087686	0.059636	0.077484	0.068246	0.071225	0.093885	0.045344	0.031458	0.055682	0.070170	0.059697	11798791.0	11798788.0
107	0.206810	0.270520	0.288234	0.234436	0.211540	0.333451	0.296086	0.302140	0.057370	0.043771	0.071784	0.033885	0.056411	0.097226	0.051706	0.065176	0.057901	0.075487	0.109032	0.045815	0.036370	0.055823	0.058328	0.083915	11798788.0	11798784.0
108	0.208052	0.272307	0.290850	0.228790	0.205481	0.321092	0.277580	0.302815	0.059777	0.043019	0.066122	0.039135	0.052312	0.085291	0.052053	0.082650	0.056516	0.088583	0.095165	0.050586	0.028748	0.057052	0.065169	0.077822	11798787.0	11798787.0
109	0.197353	0.273944	0.278509	0.250193	0.209174	0.316885	0.279064	0.295581	0.058993	0.038833	0.065653	0.033874	0.064672	0.088471	0.055597	0.065205	0.057513	0.075913	0.096904	0.048179	0.046936	0.072535	0.061351	0.069371	11798791.0	11798787.0
110	0.228115	0.275751	0.279505	0.216628	0.219621	0.321240	0.304948	0.294105	0.079043	0.041939	0.069137	0.037996	0.050792	0.086337	0.055222	0.083401	0.053591	0.076505	0.103177	0.046233	0.032887	0.054672	0.059374	0.069695	11798787.0	11798780.0
111	0.216313	0.259452	0.286910	0.237325	0.203261	0.318297	0.301018	0.284005	0.064779	0.042313	0.076495	0.032725	0.051901	0.082269	0.054507	0.070775	0.060545	0.082324	0.099198	0.044844	0.032864	0.058069	0.073500	0.072892	11798784.0	11798779.0
112	0.210088	0.264974	0.303700	0.221237	0.188795	0.322939	0.281897	0.278679	0.050216	0.061176	0.065334	0.033364	0.055284	0.085602	0.055475	0.068613	0.061426	0.076940	0.104922	0.060413	0.036486	0.055734	0.060287	0.068730	11798786.0	11798780.0
113	0.203411	0.279452	0.286018	0.231120	0.210441	0.317651	0.272111	0.295816	0.052306	0.041430	0.063650	0.046026	0.073822	0.088030	0.050899	0.066700	0.061940	0.084507	0.094216	0.045356	0.029946	0.058922	0.060089	0.082164	11798785.0	11798774.0
114	0.218013	0.272888	0.268852	0.240246	0.213903	0.315375	0.271897	0.310134	0.049344	0.043714	0.074728	0.050227	0.052681	0.089550	0.054095	0.076562	0.053589	0.077493	0.094236	0.043534	0.033903	0.063593	0.062321	0.080429	11798780.0	11798776.0
115	0.189517	0.274350	0.285380	0.250753	0.207219	0.325405	0.284753	0.315107	0.047955	0.042162	0.070166	0.029234	0.057326	0.095421	0.052829	0.068774	0.061914	0.072437	0.104718	0.046311	0.039801	0.060682	0.060040	0.090230	11798787.0	11798784.0
116	0.206995	0.270703	0.287753	0.234549	0.201898	0.321723	0.277571	0.274175	0.048714	0.045579	0.068609	0.044094	0.056101	0.091861	0.051088	0.071652	0.061869	0.080394	0.098380	0.047110	0.052248	0.053819	0.071640	0.056842	11798788.0	11798779.0
117	0.218932	0.271654	0.289716	0.219699	0.181834	0.313595	0.281814	0.272661	0.050923	0.058815	0.074530	0.034664	0.064086	0.090635	0.054672	0.062260	0.062402	0.074328	0.093960	0.059026	0.039491	0.063010	0.060442	0.056756	11798782.0	11798764.0
118	0.216901	0.286788	0.283604	0.212707	0.201168	0.332268	0.285943	0.291659	0.052907	0.043605	0.073449	0.046940	0.057676	0.108752	0.051328	0.069032	0.065125	0.077726	0.094462	0.046291	0.043380	0.055935	0.055451	0.057941	11798773.0	11798767.0
119	0.219088	0.286018	0.274690	0.220205	0.197132	0.318942	0.288631	0.292140	0.072226	0.046300	0.067503	0.033059	0.067905	0.101371	0.052731	0.064011	0.059570	0.075508	0.089332	0.050279	0.026773	0.061685	0.066673	0.065074	11798785.0	11798784.0
120	0.226474	0.284864	0.276238	0.212424	0.187879	0.306724	0.282389	0.274311	0.060659	0.054884	0.075541	0.035391	0.079807	0.086107	0.051091	0.067859	0.055028	0.078364	0.091162	0.051685	0.030549	0.059065	0.061530	0.061280	11798790.0	11798786.0
121	0.226042	0.278419	0.279324	0.216216	0.180842	0.314716	0.291230	0.285259	0.055454	0.041497	0.091807	0.037283	0.058480	0.083765	0.055048	0.081124	0.054999	0.086933	0.088969	0.048423	0.025890	0.058155	0.069956	0.062215	11798787.0	11798780.0
122	0.194823	0.270350	0.305781	0.229045	0.187456	0.340926	0.276155	0.294178	0.044890	0.043792	0.072155	0.033986	0.054695	0.087025	0.055616	0.073015	0.057457	0.096633	0.101652	0.050039	0.030930	0.056489	0.063976	0.077650	11798784.0	11798783.0
123	0.187972	0.283938	0.293400	0.234690	0.179201	0.323346	0.262633	0.284710	0.048568	0.039264	0.065974	0.034167	0.072772	0.087517	0.055588	0.068060	0.051136	0.083285	0.096956	0.062023	0.032552	0.065220	0.073005	0.063913	11798790.0	11798779.0
124	0.205028	0.275286	0.291522	0.228164	0.198364	0.332319	0.265487	0.290981	0.047593	0.037472	0.066801	0.053162	0.051285	0.098572	0.059455	0.065973	0.056119	0.079319	0.094973	0.061111	0.038639	0.067467	0.063088	0.058969	11798780.0	11798779.0
125	0.193637	0.282829	0.284318	0.239216	0.192451	0.327542	0.272673	0.305836	0.054328	0.040381	0.063725	0.035202	0.057815	0.101301	0.052408	0.071305	0.059366	0.078579	0.095254	0.051120	0.044735	0.075044	0.061251	0.058186	11798790.0	11798789.0
126	0.216244	0.295305	0.272638	0.215813	0.183838	0.321774	0.283726	0.280054	0.047048	0.038210	0.089332	0.041654	0.074051	0.094807	0.059003	0.067444	0.052053	0.072671	0.095293	0.052621	0.029764	0.052431	0.068246	0.065371	11798790.0	11798789.0
127	0.202916	0.258120	0.311874	0.227090	0.187334	0.320590	0.281801	0.274898	0.049795	0.038917	0.066543	0.047661	0.059211	0.084367	0.053093	0.061449	0.064489	0.082155	0.100975	0.064255	0.029255	0.068459	0.068753	0.060624	11798790.0	11798790.0
128	0.202749	0.273898	0.289364	0.233988	0.206748	0.321665	0.284840	0.290416	0.053828	0.040392	0.072630	0.035899	0.054413	0.088112	0.059185	0.072188	0.059873	0.075859	0.098510	0.055124	0.043150	0.056244	0.060723	0.073871	11798791.0	11798789.0
129	0.211263	0.260607	0.291047	0.237082	0.190900	0.308484	0.297322	0.269959	0.064520	0.040543	0.073588	0.032612	0.061394	0.079915	0.049585	0.069713	0.059764	0.079534	0.099451	0.052299	0.029953	0.056517	0.086798	0.063815	11798789.0	11798788.0
130	0.215631	0.256508	0.309421	0.218440	0.203863	0.306473	0.285535	0.270781	0.056220	0.040435	0.069332	0.049644	0.054328	0.083100	0.052669	0.066412	0.069425	0.080148	0.090557	0.069291	0.029062	0.052334	0.068108	0.068937	11798790.0	11798788.0
131	0.209036	0.256015	0.280665	0.254284	0.214105	0.316239	0.272597	0.297162	0.052398	0.054599	0.070633	0.031406	0.051501	0.084792	0.050231	0.069491	0.052851	0.084501	0.096715	0.046598	0.045382	0.057960	0.066022	0.084919	11798789.0	11798784.0
132	0.202133	0.281852	0.283601	0.232415	0.204801	0.321943	0.282728	0.297443	0.060934	0.037584	0.069595	0.034019	0.060899	0.083213	0.058810	0.078930	0.058649	0.086371	0.093549	0.045031	0.030675	0.056127	0.066440	0.079173	11798786.0	11798786.0
133	0.211157	0.263295	0.288394	0.237154	0.203601	0.319670	0.286792	0.280603	0.053144	0.044883	0.075406	0.037724	0.050256	0.085839	0.058303	0.068898	0.057953	0.075240	0.100288	0.054913	0.050198	0.063332	0.061089	0.062535	11798791.0	11798791.0
134	0.211551	0.269294	0.295087	0.224069	0.206947	0.338965	0.288745	0.278880	0.049641	0.038103	0.066626	0.057180	0.053101	0.094257	0.054171	0.067764	0.057109	0.075169	0.115368	0.047440	0.039256	0.055990	0.067953	0.060869	11798791.0	11798789.0
135	0.199108	0.263519	0.304119	0.233254	0.204614	0.321346	0.276639	0.269142	0.049859	0.043064	0.067606	0.038579	0.052656	0.090161	0.055071	0.065631	0.066770	0.083710	0.092404	0.061234	0.057679	0.054853	0.062225	0.058497	11798789.0	11798787.0
136	0.226964	0.271788	0.277306	0.223942	0.205354	0.310015	0.295200	0.267006	0.067472	0.046440	0.075441	0.037611	0.064083	0.083273	0.054113	0.070319	0.056832	0.077175	0.095454	0.047845	0.045217	0.058359	0.065312	0.055055	11798789.0	11798789.0
137	0.233604	0.265247	0.290320	0.210829	0.199805	0.317707	0.309856	0.270150	0.056794	0.038907	0.082748	0.055154	0.061750	0.086414	0.052885	0.064199	0.065683	0.073779	0.104630	0.046228	0.028574	0.060256	0.062717	0.059282	11798791.0	11798789.0
138	0.212802	0.259355	0.302981	0.224863	0.182419	0.316611	0.298500	0.285589	0.062326	0.038947	0.072432	0.039097	0.053516	0.087606	0.051823	0.066409	0.069487	0.082927	0.094255	0.056312	0.028522	0.079099	0.064767	0.052474	11798789.0	11798783.0
139	0.213851	0.288579	0.283277	0.214292	0.199537	0.319502	0.295932	0.276943	0.072122	0.038484	0.070030	0.033216	0.081984	0.088984	0.051593	0.066018	0.055693	0.080837	0.098088	0.048659	0.030748	0.058490	0.061603	0.063452	11798785.0	11798785.0
140	0.240546	0.266795	0.281314	0.211345	0.192508	0.315985	0.308205	0.266296	0.068160	0.047715	0.088170	0.036501	0.053459	0.085537	0.060040	0.067759	0.059953	0.078486	0.091922	0.050953	0.030718	0.055871	0.067627	0.057129	11798791.0	11798791.0
141	0.212290	0.267610	0.307759	0.212342	0.205579	0.311920	0.291343	0.282344	0.056963	0.039814	0.064817	0.050695	0.054504	0.085982	0.051807	0.075317	0.075368	0.079937	0.094194	0.058259	0.033013	0.056138	0.058284	0.064907	11798791.0	11798790.0
142	0.219849	0.261871	0.269102	0.249178	0.233257	0.304761	0.283034	0.292490	0.074667	0.049180	0.064686	0.031316	0.056152	0.082901	0.051613	0.071206	0.053199	0.079766	0.090482	0.045655	0.049143	0.060252	0.061652	0.078131	11798790.0	11798789.0
143	0.233160	0.272098	0.268433	0.226309	0.227484	0.311552	0.297796	0.281722	0.082998	0.043764	0.067315	0.039084	0.054213	0.086509	0.056513	0.074863	0.055325	0.076372	0.092158	0.044578	0.042882	0.057830	0.063077	0.062520	11798790.0	11798787.0
144	0.235418	0.264474	0.279063	0.221045	0.196338	0.312549	0.289188	0.283744	0.071285	0.065532	0.067987	0.030614	0.053346	0.082211	0.054121	0.074797	0.056384	0.082686	0.093532	0.046462	0.028245	0.060542	0.066063	0.066194	11798788.0	11798785.0
145	0.209260	0.290971	0.281703	0.218067	0.201566	0.326351	0.278911	0.312731	0.067877	0.047198	0.062897	0.031288	0.054277	0.094952	0.051029	0.090713	0.058726	0.090959	0.089411	0.042607	0.031684	0.056349	0.059317	0.070718	11798788.0	11798786.0
146	0.212563	0.289458	0.262654	0.235325	0.195214	0.314356	0.277625	0.322633	0.065577	0.047761	0.069103	0.030122	0.052250	0.096422	0.055064	0.085722	0.055896	0.075821	0.087049	0.043888	0.031635	0.072610	0.063201	0.067879	11798789.0	11798789.0
147	0.205358	0.292614	0.274416	0.227611	0.207010	0.324163	0.284472	0.313076	0.065844	0.037457	0.068179	0.033878	0.052151	0.094973	0.054837	0.090654	0.055348	0.079252	0.095101	0.044715	0.030217	0.050378	0.069945	0.077071	11798791.0	11798791.0
148	0.203559	0.262060	0.288062	0.246318	0.182567	0.315491	0.289760	0.272374	0.051085	0.038999	0.081292	0.032184	0.052871	0.083954	0.053663	0.071573	0.060990	0.081480	0.096394	0.049198	0.035575	0.053124	0.093896	0.063723	11798791.0	11798791.0
149	0.200520	0.257557	0.325244	0.216678	0.188650	0.348194	0.328251	0.279522	0.059634	0.037905	0.071204	0.031777	0.051508	0.085870	0.054554	0.065625	0.073247	0.083603	0.124166	0.044228	0.029418	0.060206	0.059234	0.067821	11798791.0	11798791.0
150	0.213806	0.267584	0.309159	0.209451	0.191734	0.325797	0.307908	0.274627	0.066214	0.042067	0.074247	0.031277	0.059308	0.085585	0.052102	0.070588	0.056602	0.077264	0.110845	0.064448	0.032100	0.056311	0.058898	0.062142	11798791.0	11798791.0
151	0.214224	0.261228	0.296093	0.228455	0.190780	0.321628	0.291957	0.288165	0.067417	0.049420	0.066690	0.030697	0.053218	0.089357	0.054980	0.063673	0.059418	0.078860	0.098431	0.059383	0.030113	0.072583	0.063207	0.062553	11798791.0	11798791.0
152	0.210166	0.290220	0.283308	0.216306	0.193443	0.333876	0.286063	0.298380	0.068909	0.041918	0.067195	0.032145	0.058575	0.104617	0.055453	0.071575	0.059268	0.083115	0.090691	0.050234	0.026558	0.056356	0.067560	0.065832	11798791.0	11798791.0
153	0.213309	0.286006	0.280898	0.219786	0.205039	0.314875	0.277423	0.309197	0.062527	0.049950	0.064142	0.036691	0.054342	0.087494	0.051323	0.092848	0.056838	0.082141	0.093917	0.048002	0.030972	0.054006	0.059959	0.074850	11798791.0	11798791.0
154	0.204678	0.273591	0.269341	0.252390	0.200565	0.314081	0.274872	0.311508	0.046880	0.042592	0.079597	0.035610	0.057584	0.094874	0.050744	0.070389	0.057265	0.077333	0.091130	0.043613	0.029852	0.058021	0.076294	0.088224	11798791.0	11798791.0
155	0.191580	0.272820	0.297765	0.237835	0.189243	0.306407	0.263404	0.302633	0.055775	0.038280	0.062501	0.035024	0.058638	0.083348	0.055048	0.075786	0.057104	0.079987	0.088024	0.072650	0.030425	0.075480	0.063911	0.068019	11798791.0	11798791.0
156	0.201942	0.277094	0.269484	0.251479	0.203958	0.302609	0.274984	0.303744	0.054193	0.040644	0.073849	0.033255	0.055065	0.085636	0.053348	0.083045	0.057805	0.074488	0.089137	0.048055	0.042868	0.061421	0.073548	0.073642	11798791.0	11798786.0
157	0.209932	0.262190	0.289882	0.237997	0.195027	0.312709	0.285173	0.272029	0.057980	0.036715	0.069016	0.046221	0.057888	0.081859	0.055154	0.067289	0.059674	0.077192	0.098504	0.054512	0.032472	0.064527	0.082644	0.058354	11798786.0	11798783.0
158	0.208013	0.260293	0.305317	0.226376	0.197584	0.310259	0.282945	0.279101	0.057773	0.045103	0.070321	0.034817	0.058147	0.077794	0.052593	0.071760	0.056429	0.081450	0.098423	0.069016	0.028938	0.053491	0.067891	0.076057	11798788.0	11798788.0
159	0.201286	0.257838	0.289227	0.251649	0.188177	0.308886	0.277853	0.304708	0.050057	0.040714	0.077669	0.032846	0.054112	0.084020	0.051635	0.068071	0.053196	0.076299	0.096932	0.062801	0.032317	0.079661	0.066714	0.072957	11798791.0	11798791.0
160	0.189681	0.280693	0.292950	0.236675	0.193046	0.314478	0.264196	0.305244	0.047677	0.040276	0.067641	0.034087	0.054613	0.084974	0.059283	0.081823	0.055556	0.076899	0.093322	0.067174	0.029191	0.056355	0.069037	0.082092	11798791.0	11798791.0
161	0.187036	0.258504	0.289284	0.265176	0.182446	0.312764	0.273784	0.293895	0.050946	0.040391	0.063476	0.032224	0.055187	0.086372	0.052748	0.064197	0.065175	0.079457	0.094187	0.050465	0.031491	0.075540	0.090360	0.067785	11798791.0	11798791.0
162	0.202798	0.281760	0.300770	0.214672	0.183070	0.353797	0.293488	0.288634	0.058112	0.043367	0.062403	0.038916	0.051782	0.111535	0.056454	0.061989	0.061475	0.074310	0.111498	0.053487	0.027915	0.056984	0.071646	0.058127	11798791.0	11798791.0
163	0.199284	0.286196	0.302001	0.212519	0.175702	0.316595	0.262935	0.291948	0.051297	0.048711	0.062242	0.037035	0.053479	0.088958	0.054508	0.089250	0.058441	0.082173	0.090955	0.070432	0.028410	0.054779	0.070368	0.058961	11798791.0	11798790.0
164	0.191627	0.274621	0.278074	0.255677	0.184023	0.320911	0.269253	0.280866	0.054220	0.039964	0.062254	0.035190	0.061416	0.086754	0.060611	0.065840	0.056429	0.077196	0.096350	0.048100	0.028863	0.062521	0.098543	0.065751	11798790.0	11798790.0
165	0.200927	0.266434	0.317759	0.214880	0.186358	0.335483	0.292768	0.281585	0.053764	0.047276	0.063416	0.036470	0.054339	0.089644	0.054198	0.068253	0.059114	0.075167	0.116474	0.067004	0.029023	0.056588	0.062168	0.067101	11798791.0	11798791.0
166	0.196240	0.268675	0.296257	0.238828	0.208331	0.333454	0.268886	0.289363	0.053673	0.039956	0.065886	0.036726	0.061302	0.087479	0.055198	0.064696	0.057422	0.098871	0.091906	0.048059	0.043441	0.062698	0.058197	0.074491	11798791.0	11798791.0
167	0.215838	0.289004	0.271187	0.223971	0.200290	0.305549	0.274799	0.299041	0.059240	0.057078	0.062861	0.036659	0.075973	0.087859	0.051141	0.074031	0.059373	0.073223	0.093326	0.045266	0.030207	0.062966	0.056613	0.074185	11798791.0	11798791.0
168	0.224792	0.281126	0.263941	0.230141	0.192371	0.298506	0.275284	0.305000	0.058111	0.066987	0.066563	0.033130	0.063688	0.081381	0.051324	0.084732	0.056481	0.071672	0.094129	0.041660	0.029859	0.067616	0.061395	0.071271	11798791.0	11798791.0
169	0.208140	0.287656	0.273412	0.230792	0.207121	0.316688	0.283965	0.312359	0.061742	0.043766	0.068839	0.033793	0.053132	0.088122	0.053550	0.092852	0.054072	0.075704	0.099312	0.044324	0.030776	0.050574	0.068632	0.080811	11798791.0	11798791.0
170	0.199722	0.258166	0.290333	0.251779	0.204750	0.319595	0.282720	0.281759	0.056464	0.039577	0.067274	0.036407	0.054089	0.079607	0.058701	0.065768	0.062299	0.084602	0.096684	0.046748	0.031434	0.055938	0.083962	0.080446	11798791.0	11798791.0
171	0.204286	0.259724	0.306621	0.229369	0.203431	0.326414	0.276115	0.270516	0.054742	0.039091	0.070916	0.039537	0.058044	0.080903	0.050807	0.069969	0.056719	0.100966	0.093738	0.055198	0.047416	0.057908	0.062310	0.061735	11798791.0	11798791.0
172	0.216922	0.278868	0.277771	0.226439	0.187803	0.317874	0.285815	0.306035	0.049715	0.040964	0.089184	0.037059	0.053641	0.095131	0.053300	0.076796	0.056715	0.079242	0.090201	0.051614	0.034191	0.067269	0.058140	0.066839	11798791.0	11798791.0
173	0.194261	0.282606	0.290826	0.232307	0.198325	0.312530	0.287861	0.302889	0.050594	0.037476	0.069124	0.037067	0.064696	0.090325	0.053384	0.074202	0.077208	0.077886	0.090935	0.044797	0.034209	0.061907	0.059736	0.076455	11798791.0	11798790.0
174	0.226706	0.267594	0.273179	0.232521	0.185872	0.309478	0.290427	0.265987	0.051560	0.041332	0.093134	0.040680	0.062015	0.085346	0.056445	0.063788	0.054321	0.076275	0.091412	0.051172	0.033252	0.056473	0.082416	0.060380	11798790.0	11798787.0
175	0.201147	0.259425	0.323408	0.216020	0.192838	0.334362	0.307184	0.278908	0.058450	0.038764	0.070338	0.033594	0.050998	0.088606	0.052860	0.066961	0.061010	0.075510	0.117386	0.069503	0.031166	0.053713	0.061513	0.069627	11798788.0	11798777.0
176	0.201624	0.256593	0.302097	0.239685	0.198684	0.324487	0.287392	0.287580	0.059884	0.037147	0.063461	0.041132	0.055961	0.081199	0.053026	0.066407	0.061950	0.088166	0.102096	0.049885	0.032164	0.074470	0.067547	0.065504	11798780.0	11798779.0
177	0.209959	0.280981	0.286131	0.222928	0.203020	0.309071	0.289062	0.304936	0.065445	0.038869	0.070100	0.035546	0.050772	0.083415	0.049902	0.096893	0.061210	0.083447	0.092308	0.049167	0.029653	0.052251	0.068646	0.072377	11798790.0	11798790.0
178	0.207079	0.257981	0.280957	0.253983	0.207157	0.316075	0.289896	0.293554	0.055993	0.047614	0.069257	0.034215	0.052311	0.081635	0.057671	0.066365	0.061379	0.073502	0.103267	0.042809	0.029724	0.058330	0.078704	0.087225	11798791.0	11798791.0
179	0.199406	0.261081	0.308899	0.230614	0.199141	0.338512	0.280167	0.281106	0.055441	0.042289	0.067897	0.033779	0.053071	0.079714	0.064324	0.063971	0.055712	0.093357	0.101117	0.058713	0.031836	0.059337	0.061356	0.078084	11798791.0	11798789.0
180	0.196061	0.274698	0.294694	0.234547	0.190735	0.316796	0.291155	0.279514	0.053783	0.041122	0.070222	0.030934	0.072195	0.081679	0.052677	0.068147	0.066787	0.082077	0.100364	0.045466	0.031426	0.055097	0.073433	0.074591	11798789.0	11798789.0
181	0.224192	0.259975	0.296695	0.219139	0.189902	0.322852	0.302857	0.264637	0.068326	0.046283	0.074244	0.035340	0.053089	0.084362	0.055920	0.066604	0.060962	0.083245	0.099326	0.053162	0.025154	0.052588	0.080314	0.061083	11798791.0	11798791.0
182	0.207531	0.266478	0.309803	0.216189	0.166704	0.318862	0.289117	0.275056	0.050445	0.039248	0.086455	0.031382	0.053956	0.081298	0.054756	0.076467	0.059571	0.090161	0.092646	0.067425	0.029387	0.061801	0.069512	0.055490	11798791.0	11798791.0
183	0.193359	0.272509	0.303369	0.230764	0.178200	0.350122	0.289141	0.265383	0.053151	0.040685	0.067355	0.032168	0.064229	0.088896	0.055516	0.063869	0.053833	0.090910	0.114802	0.043824	0.031745	0.051482	0.086400	0.061136	11798791.0	11798791.0
184	0.202958	0.271973	0.324072	0.200996	0.174992	0.354027	0.293780	0.271657	0.052425	0.040511	0.075818	0.034204	0.058241	0.087842	0.058479	0.067411	0.059121	0.101290	0.106417	0.057245	0.028301	0.056343	0.056292	0.060061	11798791.0	11798791.0
185	0.198088	0.285985	0.297005	0.218922	0.186140	0.345655	0.281245	0.307926	0.057652	0.041217	0.064212	0.035007	0.057875	0.112240	0.050682	0.065189	0.052986	0.076339	0.106394	0.061285	0.030418	0.067434	0.058007	0.063064	11798791.0	11798791.0
186	0.198930	0.297229	0.279296	0.224545	0.187273	0.312343	0.265373	0.283989	0.055056	0.044589	0.065760	0.033526	0.085282	0.087328	0.054537	0.070083	0.056178	0.082099	0.088379	0.052639	0.029217	0.057103	0.068750	0.069474	11798791.0	11798791.0
187	0.225733	0.271120	0.277425	0.225722	0.203766	0.314476	0.290133	0.289107	0.054046	0.040183	0.081304	0.050201	0.054540	0.092038	0.054277	0.070264	0.062481	0.075858	0.092303	0.046784	0.030946	0.058230	0.067972	0.068574	11798791.0	11798791.0
188	0.202012	0.266309	0.295856	0.235823	0.200217	0.329853	0.287608	0.270437	0.053762	0.041845	0.065255	0.041149	0.059477	0.090284	0.052019	0.064530	0.054501	0.073462	0.114089	0.053804	0.048028	0.058346	0.072172	0.057277	11798791.0	11798790.0
189	0.215768	0.263937	0.303535	0.216760	0.201252	0.315971	0.314666	0.264601	0.069734	0.042954	0.068211	0.034868	0.058603	0.087930	0.051746	0.065657	0.079179	0.078754	0.097541	0.048061	0.039459	0.053822	0.066288	0.057191	11798790.0	11798790.0
190	0.246976	0.263461	0.283787	0.205777	0.214269	0.313540	0.303203	0.264259	0.073003	0.040189	0.074782	0.059003	0.050888	0.084780	0.058992	0.068800	0.061467	0.075816	0.093951	0.052552	0.027122	0.055537	0.067976	0.055141	11798791.0	11798790.0
191	0.212480	0.256323	0.295701	0.235496	0.186505	0.319689	0.284166	0.272733	0.060129	0.057430	0.064431	0.030490	0.054716	0.087175	0.051723	0.062708	0.064197	0.085382	0.095409	0.050713	0.029585	0.056549	0.083061	0.066301	11798790.0	11798790.0
192	0.208627	0.286536	0.294625	0.210212	0.184627	0.337040	0.281465	0.268153	0.056228	0.040362	0.076170	0.035868	0.069979	0.095862	0.055416	0.065278	0.059766	0.096461	0.089301	0.049097	0.035526	0.050008	0.067673	0.057005	11798791.0	11798790.0
193	0.221500	0.282692	0.288560	0.207248	0.182989	0.319026	0.292148	0.264203	0.053252	0.040812	0.088032	0.039404	0.069828	0.087763	0.061974	0.063127	0.059209	0.077635	0.091655	0.060061	0.030170	0.053149	0.063765	0.060164	11798790.0	11798790.0
194	0.212459	0.259359	0.305426	0.222756	0.192225	0.318033	0.306511	0.275310	0.052785	0.042208	0.082208	0.035258	0.056649	0.083441	0.053203	0.066066	0.071249	0.081119	0.100270	0.052789	0.039130	0.060753	0.057822	0.065051	11798791.0	11798791.0
195	0.219813	0.267520	0.293503	0.219163	0.204410	0.330844	0.278817	0.277669	0.056336	0.040931	0.068450	0.054096	0.054326	0.089369	0.054020	0.069806	0.060909	0.094332	0.093122	0.045139	0.032119	0.056634	0.068551	0.061859	11798791.0	11798783.0
196	0.203689	0.281267	0.284143	0.230900	0.200135	0.322127	0.274232	0.268249	0.056885	0.040444	0.068696	0.037665	0.072625	0.087027	0.055336	0.066279	0.054126	0.085237	0.094526	0.050254	0.049270	0.058628	0.066687	0.056316	11798783.0	11798779.0
197	0.232905	0.271335	0.285246	0.210513	0.175080	0.316542	0.316568	0.267697	0.051212	0.042688	0.108427	0.030579	0.056832	0.086417	0.054875	0.073212	0.062732	0.081052	0.094199	0.047264	0.038058	0.052838	0.064386	0.055231	11798787.0	11798787.0
198	0.208834	0.262994	0.321886	0.206286	0.181735	0.326263	0.280256	0.265578	0.060187	0.045205	0.068501	0.034941	0.051186	0.085619	0.054227	0.071963	0.056956	0.091805	0.094612	0.078513	0.031600	0.052988	0.066690	0.055008	11798791.0	11798791.0
199	0.199928	0.275618	0.284030	0.240424	0.217001	0.324362	0.285890	0.284912	0.058401	0.041193	0.067051	0.033283	0.052412	0.087954	0.064425	0.070827	0.061757	0.073302	0.098680	0.050290	0.052569	0.053382	0.061725	0.072749	11798791.0	11798791.0
