Offset	A	C	G	T	A/T	C/G	A/G	C/T	AA	AC	AG	AT	CA	CC	CG	CT	GA	GC	GG	GT	TA	TC	TG	TT	N	NN
-50	0.191726	0.297738	0.313780	0.196756	0.155058	0.378359	0.288072	0.275746	0.048694	0.042683	0.068944	0.031407	0.059096	0.101765	0.068981	0.067897	0.058210	0.095389	0.112225	0.047954	0.025953	0.057080	0.064719	0.049004	3852843.0	3852830.0
-49	0.191953	0.296916	0.314868	0.196262	0.155210	0.378385	0.289463	0.273944	0.049008	0.043045	0.068740	0.031160	0.058994	0.101097	0.069566	0.067259	0.058912	0.094919	0.112804	0.048234	0.026103	0.056650	0.064571	0.048938	3852831.0	3852830.0
-48	0.193016	0.295713	0.315680	0.195591	0.155452	0.380332	0.291105	0.273389	0.049166	0.043070	0.069576	0.031203	0.058478	0.101050	0.069554	0.066631	0.058413	0.095779	0.113949	0.047538	0.025825	0.056449	0.064059	0.049259	3852843.0	3852843.0
-47	0.191882	0.296348	0.317138	0.194632	0.152859	0.382848	0.289444	0.272845	0.048068	0.043887	0.069340	0.030587	0.058510	0.100886	0.070461	0.066492	0.058113	0.097579	0.113923	0.047524	0.025576	0.056839	0.063589	0.048628	3852844.0	3852843.0
-46	0.190267	0.299190	0.317313	0.193230	0.151288	0.385964	0.287696	0.274368	0.047092	0.043362	0.069101	0.030711	0.058150	0.102659	0.071317	0.067064	0.057517	0.098002	0.113985	0.047809	0.024961	0.056121	0.063625	0.048524	3852843.0	3852843.0
-45	0.187719	0.300145	0.318028	0.194108	0.149640	0.387122	0.285476	0.275469	0.046076	0.043032	0.068587	0.030024	0.058502	0.103364	0.071532	0.066747	0.057241	0.098654	0.113572	0.048562	0.024776	0.056596	0.063973	0.048763	3852844.0	3852844.0
-44	0.186595	0.301645	0.317665	0.194096	0.147198	0.387422	0.284206	0.277282	0.044997	0.043418	0.068673	0.029507	0.058357	0.103977	0.071607	0.067704	0.057817	0.099119	0.112719	0.048009	0.024393	0.057299	0.064102	0.048301	3852844.0	3852840.0
-43	0.185564	0.303813	0.317101	0.193521	0.147923	0.386872	0.282334	0.278744	0.045626	0.042903	0.067683	0.029352	0.058990	0.104280	0.071686	0.068857	0.057649	0.099529	0.111376	0.048547	0.024480	0.057141	0.063435	0.048465	3852840.0	3852840.0
-42	0.186744	0.303854	0.314180	0.195222	0.150320	0.383010	0.281061	0.281500	0.046408	0.042953	0.067772	0.029611	0.059251	0.104061	0.070713	0.069829	0.057505	0.098860	0.109376	0.048439	0.024815	0.058123	0.062798	0.049487	3852844.0	3852844.0
-41	0.187979	0.303997	0.310659	0.197366	0.152432	0.379717	0.279606	0.283600	0.046993	0.043158	0.068206	0.029622	0.059400	0.103409	0.070246	0.070943	0.057414	0.099070	0.106993	0.047181	0.025064	0.058497	0.063053	0.050752	3852844.0	3852840.0
-40	0.188872	0.304133	0.308498	0.198498	0.152954	0.377070	0.280141	0.285269	0.047113	0.042924	0.069167	0.029667	0.059674	0.103518	0.069535	0.071405	0.057955	0.098110	0.105905	0.046527	0.025017	0.059190	0.063135	0.051156	3852840.0	3852840.0
-39	0.189759	0.303743	0.307743	0.198755	0.152511	0.377324	0.279689	0.284617	0.047034	0.043644	0.069561	0.029520	0.059512	0.103129	0.070051	0.071051	0.057681	0.098731	0.105412	0.045919	0.025112	0.059593	0.063206	0.050844	3852844.0	3852842.0
-38	0.189339	0.305097	0.308230	0.197333	0.150934	0.378548	0.281985	0.281276	0.047563	0.042882	0.070349	0.028545	0.060169	0.102377	0.071708	0.070843	0.058266	0.098655	0.105807	0.045503	0.025015	0.058244	0.064263	0.049811	3852842.0	3852842.0
-37	0.191012	0.302159	0.312127	0.194702	0.151448	0.376102	0.289059	0.273183	0.048751	0.041934	0.071897	0.028430	0.061050	0.097899	0.073188	0.070021	0.060723	0.097328	0.107688	0.046389	0.024930	0.055926	0.064509	0.049337	3852844.0	3852844.0
-36	0.195454	0.293086	0.317282	0.194177	0.154558	0.369492	0.297758	0.265869	0.050951	0.042184	0.073153	0.029167	0.060870	0.092329	0.071186	0.068701	0.064601	0.096923	0.109053	0.046704	0.025262	0.055660	0.064077	0.049178	3852844.0	3852843.0
-35	0.201684	0.287096	0.317470	0.193751	0.155560	0.366066	0.302050	0.262046	0.052013	0.043458	0.076938	0.029275	0.059597	0.090785	0.069548	0.067166	0.064874	0.097507	0.108225	0.046863	0.025497	0.055318	0.064160	0.048776	3852843.0	3852842.0
-34	0.201980	0.287068	0.318872	0.192081	0.151284	0.370880	0.300817	0.263454	0.049588	0.044381	0.078550	0.029461	0.057870	0.093112	0.068241	0.067844	0.061363	0.098212	0.111315	0.047981	0.025010	0.055272	0.064573	0.047225	3852843.0	3852841.0
-33	0.193832	0.290977	0.322679	0.192512	0.148134	0.376529	0.291729	0.272001	0.045168	0.043700	0.074887	0.030076	0.055536	0.096648	0.066931	0.071862	0.058107	0.099383	0.113567	0.051622	0.025136	0.055738	0.063885	0.047754	3852842.0	3852841.0
-32	0.183947	0.295469	0.319270	0.201314	0.152931	0.373273	0.278373	0.281990	0.043070	0.041603	0.069114	0.030160	0.055400	0.097835	0.065710	0.076523	0.056703	0.100241	0.109487	0.052839	0.028745	0.056676	0.064937	0.050956	3852843.0	3852843.0
-31	0.183918	0.296355	0.309248	0.210479	0.166863	0.359492	0.270648	0.283777	0.043447	0.040983	0.065662	0.033826	0.058586	0.094580	0.064700	0.078488	0.056906	0.095579	0.104634	0.052130	0.034599	0.055717	0.065172	0.054991	3852844.0	3852843.0
-30	0.193538	0.286859	0.300167	0.219436	0.184232	0.340509	0.268536	0.281217	0.046797	0.044730	0.064132	0.037879	0.061156	0.090412	0.059359	0.075931	0.058564	0.091694	0.099043	0.050867	0.040117	0.055434	0.064446	0.059439	3852843.0	3852842.0
-29	0.206633	0.282270	0.286980	0.224117	0.201165	0.323164	0.271187	0.281607	0.054404	0.046812	0.063674	0.041744	0.063374	0.089690	0.055899	0.073308	0.060465	0.084931	0.092645	0.048940	0.043150	0.056741	0.062358	0.061868	3852843.0	3852843.0
-28	0.221392	0.278173	0.274575	0.225860	0.216419	0.300717	0.283245	0.280313	0.065720	0.045565	0.068297	0.041810	0.063508	0.084369	0.054716	0.075580	0.063877	0.076282	0.085350	0.049066	0.044819	0.056295	0.060677	0.064070	3852844.0	3852840.0
-27	0.237924	0.262511	0.269040	0.230525	0.226511	0.286726	0.299264	0.277655	0.078106	0.044391	0.075922	0.039505	0.058263	0.079509	0.051980	0.072759	0.063428	0.073429	0.081808	0.050375	0.044208	0.060696	0.060929	0.064691	3852840.0	3852840.0
-26	0.244005	0.258026	0.270639	0.227330	0.208406	0.305917	0.302782	0.276938	0.075519	0.047067	0.083751	0.037669	0.051618	0.085021	0.054121	0.067266	0.055056	0.078321	0.088455	0.048807	0.036925	0.066358	0.065754	0.058293	3852844.0	3852844.0
-25	0.219119	0.276766	0.292081	0.212035	0.174228	0.344362	0.298501	0.272077	0.060249	0.045180	0.081563	0.032128	0.054663	0.092006	0.061890	0.068207	0.054073	0.087849	0.102617	0.047542	0.031880	0.061892	0.068291	0.049972	3852844.0	3852842.0
-24	0.200864	0.286927	0.314360	0.197848	0.153769	0.369380	0.292726	0.269524	0.049360	0.044689	0.077029	0.029787	0.056113	0.094765	0.066284	0.069764	0.056990	0.098983	0.109348	0.049040	0.026800	0.057172	0.066054	0.047823	3852842.0	3852828.0
-23	0.189262	0.295609	0.318715	0.196414	0.142455	0.382228	0.288899	0.268497	0.045455	0.043059	0.074306	0.026443	0.058886	0.096542	0.072197	0.067983	0.058875	0.103225	0.110264	0.046352	0.024359	0.057774	0.068083	0.046198	3852830.0	3852822.0
-22	0.187573	0.300600	0.324849	0.186978	0.137504	0.388044	0.292643	0.264741	0.045409	0.042940	0.073713	0.025512	0.060464	0.097584	0.074213	0.068337	0.061391	0.104117	0.112130	0.047212	0.022579	0.054815	0.065580	0.044005	3852836.0	3852827.0
-21	0.189843	0.299456	0.325634	0.185067	0.138883	0.385566	0.292897	0.262267	0.045857	0.042681	0.074648	0.026657	0.059872	0.095351	0.074866	0.069365	0.061516	0.104473	0.110876	0.048770	0.022268	0.053449	0.065249	0.044101	3852835.0	3852827.0
-20	0.189512	0.295954	0.325638	0.188895	0.140242	0.382576	0.288838	0.263319	0.045131	0.042934	0.074261	0.027187	0.058349	0.094026	0.074430	0.069149	0.060834	0.105508	0.108612	0.050685	0.022303	0.054523	0.066448	0.045622	3852836.0	3852826.0
-19	0.186616	0.296990	0.323750	0.192643	0.143202	0.379192	0.279518	0.270750	0.044713	0.043812	0.070296	0.027795	0.058983	0.095911	0.071569	0.070527	0.060110	0.107314	0.104399	0.051928	0.022991	0.056611	0.065339	0.047702	3852834.0	3852828.0
-18	0.186798	0.303647	0.311602	0.197954	0.147401	0.375471	0.269622	0.283270	0.045491	0.045138	0.067973	0.028197	0.059034	0.099314	0.071837	0.073460	0.057390	0.105551	0.098769	0.049893	0.023526	0.060307	0.063933	0.050188	3852838.0	3852832.0
-17	0.185440	0.310309	0.302511	0.201739	0.149412	0.373377	0.268125	0.289679	0.045587	0.043872	0.068195	0.027787	0.061233	0.101908	0.072925	0.074241	0.056138	0.100338	0.098205	0.047830	0.023611	0.061103	0.064599	0.052427	3852838.0	3852829.0
-16	0.186569	0.307221	0.303923	0.202286	0.151429	0.369642	0.274768	0.287624	0.046185	0.042421	0.070042	0.027921	0.060740	0.097753	0.073334	0.075393	0.057078	0.097092	0.101462	0.048291	0.023518	0.060673	0.064291	0.053804	3852835.0	3852826.0
-15	0.187520	0.297939	0.309129	0.205411	0.152070	0.368840	0.282498	0.278272	0.046634	0.040860	0.072338	0.027688	0.060284	0.091893	0.073016	0.072745	0.057533	0.097939	0.105993	0.047665	0.023835	0.059722	0.067942	0.053913	3852835.0	3852824.0
-14	0.188286	0.290413	0.319289	0.202012	0.149777	0.375868	0.284541	0.274698	0.046648	0.043389	0.071127	0.027121	0.057456	0.093496	0.070606	0.068855	0.060330	0.105331	0.106435	0.047192	0.024084	0.060424	0.065581	0.051923	3852833.0	3852831.0
-13	0.188518	0.302639	0.313749	0.195094	0.144743	0.383051	0.280118	0.281879	0.046322	0.045366	0.070336	0.026493	0.058913	0.103615	0.070709	0.069402	0.059986	0.105254	0.103473	0.045035	0.023792	0.060727	0.062440	0.048135	3852842.0	3852838.0
-12	0.189013	0.314962	0.306958	0.189067	0.142662	0.382648	0.275838	0.288392	0.044885	0.045381	0.071736	0.027012	0.060325	0.107241	0.071457	0.075938	0.057058	0.101791	0.102159	0.045950	0.023163	0.057610	0.060691	0.047603	3852840.0	3852838.0
-11	0.185431	0.312022	0.306043	0.196503	0.150521	0.367995	0.276388	0.286830	0.047441	0.040966	0.069177	0.027847	0.060870	0.099514	0.072065	0.079572	0.059955	0.096602	0.099814	0.049672	0.024456	0.056967	0.064304	0.050777	3852842.0	3852838.0
-10	0.192723	0.294048	0.305360	0.207869	0.158683	0.357737	0.283884	0.282979	0.048669	0.041105	0.073931	0.029018	0.057579	0.091723	0.068541	0.076206	0.058827	0.095017	0.102457	0.049060	0.025595	0.059650	0.067223	0.055401	3852840.0	3852838.0
-9	0.190670	0.287493	0.312151	0.209686	0.161099	0.354173	0.290676	0.275582	0.048735	0.039821	0.072868	0.029245	0.061032	0.087531	0.066318	0.072613	0.062305	0.093557	0.106767	0.049521	0.026634	0.058953	0.067614	0.056484	3852842.0	3852840.0
-8	0.198707	0.279863	0.313566	0.207864	0.162139	0.352986	0.291559	0.267807	0.051172	0.042608	0.074606	0.030321	0.059248	0.087240	0.065027	0.068347	0.062587	0.097524	0.103194	0.050261	0.026744	0.058318	0.068901	0.053901	3852842.0	3852841.0
-7	0.199751	0.285690	0.311728	0.202831	0.161346	0.353315	0.291727	0.271640	0.050826	0.042192	0.076509	0.030225	0.059894	0.088559	0.065386	0.071850	0.061877	0.096854	0.102516	0.050481	0.026089	0.057024	0.065512	0.054206	3852843.0	3852839.0
-6	0.198686	0.284630	0.309922	0.206762	0.171540	0.335808	0.288200	0.290372	0.052125	0.042456	0.071306	0.032800	0.058117	0.088622	0.056707	0.081184	0.065400	0.091108	0.099370	0.054044	0.025264	0.059215	0.060931	0.061351	3852840.0	3852838.0
-5	0.200905	0.281401	0.288314	0.229379	0.162475	0.341610	0.259360	0.306162	0.053412	0.052811	0.066566	0.028116	0.060576	0.101729	0.054065	0.065031	0.061509	0.107943	0.077873	0.040990	0.028460	0.086915	0.061517	0.052486	3852842.0	3852839.0
-4	0.203957	0.349398	0.260021	0.186624	0.150341	0.353931	0.283715	0.295794	0.048421	0.039310	0.086326	0.029900	0.065173	0.097511	0.087935	0.098779	0.049792	0.069310	0.099175	0.041744	0.020587	0.048071	0.066532	0.051433	3852841.0	3852839.0
-3	0.183974	0.254202	0.339968	0.221855	0.158192	0.356015	0.291627	0.295368	0.033661	0.038359	0.079612	0.032342	0.039818	0.077964	0.055379	0.081042	0.052880	0.097198	0.125474	0.064416	0.016908	0.061081	0.068586	0.075281	3852842.0	3852842.0
-2	0.143267	0.274601	0.329051	0.253081	0.136752	0.399747	0.147589	0.462332	0.015142	0.069850	0.030401	0.027874	0.013873	0.155477	0.016233	0.089018	0.032340	0.158330	0.069707	0.068674	0.007402	0.131503	0.027843	0.086334	3852844.0	3852843.0
-1	0.068757	0.515160	0.144183	0.271900	0.158796	0.199607	0.202048	0.140385	0.030779	0.001930	0.034318	0.001730	0.334745	0.052768	0.089142	0.038505	0.083194	0.003940	0.053757	0.003292	0.110156	0.032981	0.112632	0.016131	3852843.0	3852843.0
0	0.558874	0.091619	0.289849	0.059658	0.241898	0.139421	0.451694	0.112636	0.094488	0.115388	0.230027	0.118971	0.013609	0.016313	0.007396	0.054301	0.084990	0.073523	0.042189	0.089147	0.006328	0.019911	0.011308	0.022111	3852844.0	3852844.0
1	0.199415	0.225135	0.290920	0.284530	0.221239	0.211493	0.289633	0.290361	0.045392	0.039156	0.077619	0.037248	0.064287	0.044916	0.036184	0.079749	0.086045	0.049817	0.080577	0.074481	0.042262	0.069359	0.076572	0.096337	3852844.0	3852844.0
2	0.237986	0.203248	0.270951	0.287815	0.218709	0.227082	0.302296	0.283062	0.053308	0.052061	0.093246	0.039371	0.044668	0.046153	0.041703	0.070723	0.072779	0.056263	0.082963	0.058946	0.036556	0.076712	0.085073	0.089474	3852844.0	3852844.0
3	0.207312	0.231188	0.302986	0.258514	0.203376	0.267290	0.276158	0.289631	0.050971	0.053767	0.064912	0.037663	0.043748	0.059003	0.050353	0.078084	0.081304	0.078962	0.078971	0.063748	0.031834	0.069635	0.074137	0.082909	3852844.0	3852844.0
4	0.207857	0.261366	0.268373	0.262403	0.195474	0.276430	0.248538	0.308974	0.050453	0.055007	0.064106	0.038290	0.043348	0.073720	0.056479	0.087819	0.064817	0.077069	0.069162	0.057326	0.031840	0.072545	0.083128	0.074890	3852844.0	3852844.0
5	0.190458	0.278341	0.272876	0.258325	0.172874	0.306245	0.259707	0.286499	0.046286	0.047491	0.064369	0.032312	0.048742	0.070564	0.075372	0.083663	0.063320	0.074577	0.085732	0.049247	0.031758	0.069754	0.094295	0.062518	3852844.0	3852844.0
6	0.190107	0.262386	0.319768	0.227740	0.161906	0.318956	0.283369	0.265830	0.048026	0.044826	0.065889	0.031365	0.046106	0.066636	0.066877	0.082768	0.071370	0.087361	0.098083	0.062954	0.029093	0.063005	0.082221	0.053422	3852844.0	3852843.0
7	0.194594	0.261827	0.313070	0.230508	0.160776	0.319996	0.281649	0.272246	0.047974	0.046330	0.068722	0.031569	0.043423	0.071068	0.065891	0.081446	0.070127	0.088211	0.094826	0.059905	0.028093	0.066592	0.082683	0.053140	3852843.0	3852843.0
8	0.189617	0.272201	0.312122	0.226060	0.156932	0.323766	0.288002	0.270723	0.046785	0.041502	0.071662	0.029668	0.046387	0.070018	0.069593	0.086203	0.069658	0.084259	0.099896	0.058309	0.027156	0.061179	0.084402	0.053323	3852844.0	3852844.0
9	0.189986	0.256958	0.325553	0.227503	0.151831	0.323294	0.300669	0.255599	0.045765	0.040506	0.075383	0.028332	0.044944	0.063146	0.067665	0.081202	0.075372	0.088333	0.104149	0.057698	0.026980	0.060497	0.089273	0.050753	3852844.0	3852842.0
10	0.193061	0.252482	0.336470	0.217986	0.149528	0.325863	0.317729	0.244041	0.047799	0.040149	0.077739	0.027375	0.044381	0.060939	0.067355	0.079808	0.081583	0.086962	0.110608	0.057317	0.026411	0.055353	0.088280	0.047943	3852842.0	3852842.0
11	0.200175	0.243402	0.343981	0.212442	0.149350	0.326360	0.332779	0.232045	0.050095	0.041758	0.080813	0.027509	0.044651	0.057177	0.065442	0.076132	0.084994	0.086865	0.116876	0.055245	0.026355	0.053344	0.087351	0.045392	3852844.0	3852844.0
12	0.206095	0.239144	0.350483	0.204278	0.147706	0.330467	0.328394	0.236089	0.049636	0.047620	0.080066	0.028773	0.042383	0.060135	0.060227	0.076400	0.085311	0.096725	0.113380	0.055066	0.024634	0.054891	0.080089	0.044663	3852844.0	3852844.0
13	0.201965	0.259371	0.333763	0.204901	0.147539	0.325281	0.305313	0.254518	0.048025	0.049803	0.074696	0.029441	0.046503	0.067440	0.059712	0.085717	0.081616	0.097154	0.100976	0.054017	0.025345	0.056634	0.078195	0.044728	3852844.0	3852844.0
14	0.201489	0.271030	0.313578	0.213903	0.147836	0.321477	0.289973	0.272764	0.045733	0.050217	0.075780	0.029758	0.046123	0.070278	0.062131	0.092498	0.072014	0.092623	0.096446	0.052496	0.024420	0.062064	0.079494	0.047924	3852844.0	3852844.0
15	0.188291	0.275181	0.313851	0.222677	0.146555	0.325385	0.282330	0.283533	0.043844	0.046431	0.070497	0.027518	0.048142	0.072660	0.060463	0.093917	0.071465	0.095738	0.096524	0.050125	0.025279	0.067045	0.080441	0.049912	3852844.0	3852844.0
16	0.188730	0.281873	0.307925	0.221472	0.139482	0.330592	0.280268	0.283504	0.041386	0.045755	0.075159	0.026431	0.046623	0.076045	0.064892	0.094313	0.067689	0.093620	0.096035	0.050581	0.023441	0.064922	0.084885	0.048225	3852844.0	3852844.0
17	0.179138	0.280341	0.320971	0.219550	0.136198	0.332252	0.295463	0.266760	0.041875	0.041230	0.071963	0.024071	0.052529	0.071213	0.066260	0.090339	0.077256	0.090409	0.104369	0.048936	0.025140	0.060096	0.089201	0.045112	3852844.0	3852844.0
18	0.196800	0.262948	0.331794	0.208458	0.144619	0.323026	0.310189	0.255598	0.048586	0.044710	0.076584	0.026920	0.049567	0.068377	0.059076	0.085928	0.082481	0.093034	0.102539	0.053740	0.024927	0.057106	0.082239	0.044187	3852844.0	3852844.0
19	0.205559	0.263228	0.320437	0.210776	0.146683	0.320890	0.310654	0.252640	0.050791	0.047621	0.080193	0.026954	0.051429	0.070235	0.060285	0.081279	0.080708	0.091408	0.098962	0.049360	0.025996	0.058185	0.083653	0.042941	3852844.0	3852844.0
20	0.208924	0.267449	0.323093	0.200534	0.143500	0.327546	0.316433	0.244951	0.050909	0.048157	0.082888	0.026970	0.053891	0.070521	0.062872	0.080164	0.079515	0.091031	0.103121	0.049426	0.025334	0.053978	0.080935	0.040287	3852844.0	3852843.0
21	0.209649	0.263688	0.329816	0.196847	0.141889	0.327999	0.325816	0.236580	0.051361	0.046133	0.085268	0.026887	0.054607	0.067907	0.062670	0.078503	0.082005	0.090239	0.107182	0.050390	0.025235	0.051764	0.081442	0.038406	3852843.0	3852843.0
22	0.213207	0.256043	0.336563	0.194187	0.141721	0.328962	0.335644	0.225116	0.051985	0.045266	0.088772	0.027184	0.052763	0.064458	0.063980	0.074842	0.083986	0.089623	0.110901	0.052053	0.025037	0.048301	0.083336	0.037514	3852844.0	3852844.0
23	0.213770	0.247647	0.346988	0.191594	0.143269	0.328586	0.342222	0.217196	0.053016	0.044900	0.088234	0.027620	0.053077	0.060729	0.062275	0.071566	0.087150	0.091760	0.113822	0.054256	0.025393	0.047661	0.081301	0.037239	3852844.0	3852842.0
24	0.218637	0.245051	0.345631	0.190682	0.146322	0.325000	0.335515	0.217556	0.053857	0.047660	0.088219	0.028901	0.054307	0.061255	0.059632	0.069857	0.085144	0.095818	0.108295	0.056374	0.026048	0.048927	0.078191	0.037516	3852842.0	3852842.0
25	0.219355	0.253660	0.334337	0.192648	0.145776	0.324822	0.328941	0.217656	0.054189	0.048057	0.088887	0.028221	0.059095	0.063052	0.062512	0.069000	0.081637	0.095029	0.104229	0.053443	0.026937	0.049174	0.080108	0.036429	3852844.0	3852844.0
26	0.221857	0.255312	0.335736	0.187094	0.138772	0.334301	0.336013	0.207137	0.051961	0.047725	0.095230	0.026941	0.061890	0.061156	0.066174	0.066092	0.076222	0.094371	0.112599	0.052544	0.026062	0.046081	0.081143	0.033808	3852844.0	3852844.0
27	0.216136	0.249333	0.355147	0.179385	0.130625	0.347550	0.340479	0.202988	0.047486	0.048563	0.094594	0.025492	0.061895	0.062526	0.062179	0.062733	0.075494	0.099940	0.122904	0.056808	0.024255	0.044338	0.077400	0.033391	3852844.0	3852844.0
28	0.209130	0.255368	0.357078	0.178425	0.130919	0.342852	0.329022	0.212170	0.044647	0.049311	0.088901	0.026271	0.065414	0.064487	0.059787	0.065680	0.077174	0.100278	0.118300	0.061325	0.023985	0.045987	0.072436	0.036016	3852844.0	3852844.0
29	0.211220	0.260063	0.339424	0.189293	0.136313	0.335172	0.311322	0.227237	0.043000	0.052144	0.087264	0.028812	0.064122	0.067070	0.060196	0.068676	0.071308	0.098158	0.109749	0.060209	0.024044	0.051035	0.073757	0.040457	3852844.0	3852843.0
30	0.202474	0.268406	0.330967	0.198154	0.137961	0.336967	0.292522	0.244036	0.040993	0.050644	0.081469	0.029368	0.062352	0.071439	0.061443	0.073171	0.065711	0.099736	0.104349	0.061171	0.023692	0.055518	0.075037	0.043908	3852843.0	3852838.0
31	0.192747	0.277337	0.322297	0.207619	0.141332	0.339370	0.278745	0.260906	0.040000	0.047645	0.075720	0.029382	0.060283	0.076033	0.062807	0.078214	0.062296	0.099801	0.100729	0.059471	0.024244	0.058954	0.076715	0.047705	3852839.0	3852838.0
32	0.186823	0.282433	0.315971	0.214774	0.148171	0.338119	0.274560	0.271747	0.041825	0.044119	0.071678	0.029200	0.059869	0.078345	0.063451	0.080768	0.061651	0.096918	0.099405	0.057996	0.025532	0.061019	0.076609	0.051615	3852843.0	3852843.0
33	0.188876	0.280402	0.311143	0.219579	0.157570	0.332291	0.277205	0.279831	0.045083	0.042451	0.070870	0.030472	0.058119	0.079435	0.060914	0.081934	0.062794	0.093484	0.098458	0.056407	0.026271	0.062720	0.074845	0.055743	3852844.0	3852844.0
34	0.192267	0.278089	0.305088	0.224556	0.166098	0.326708	0.280077	0.286606	0.048164	0.041617	0.071243	0.031242	0.056981	0.081256	0.058363	0.081489	0.063532	0.089952	0.097138	0.054467	0.026817	0.063985	0.073879	0.059875	3852844.0	3852844.0
35	0.195494	0.276810	0.300623	0.227073	0.171470	0.324852	0.282518	0.288414	0.049516	0.041397	0.072417	0.032164	0.056064	0.081605	0.058699	0.080442	0.063510	0.087474	0.097075	0.052564	0.027276	0.063853	0.073429	0.062514	3852844.0	3852844.0
36	0.196367	0.274329	0.301620	0.227684	0.172108	0.325044	0.284527	0.287153	0.050437	0.041569	0.072664	0.031697	0.055889	0.081243	0.058376	0.078821	0.063950	0.087948	0.097476	0.052246	0.027226	0.064341	0.073369	0.062749	3852844.0	3852844.0
37	0.197501	0.275101	0.301886	0.225512	0.170416	0.327678	0.287700	0.285185	0.050204	0.041490	0.074398	0.031409	0.056118	0.082162	0.058627	0.078194	0.064012	0.087803	0.099086	0.050984	0.027487	0.063513	0.073196	0.061316	3852844.0	3852844.0
38	0.197821	0.274969	0.305307	0.221904	0.168333	0.330562	0.289381	0.282575	0.049880	0.041833	0.074851	0.031257	0.055915	0.082503	0.058516	0.078035	0.064592	0.089484	0.100059	0.051173	0.027394	0.062236	0.072472	0.059802	3852844.0	3852844.0
39	0.197780	0.276056	0.305898	0.220266	0.165948	0.331713	0.290217	0.281024	0.048998	0.041690	0.076025	0.031067	0.056138	0.082762	0.059047	0.078108	0.065032	0.089742	0.100161	0.050962	0.027752	0.062023	0.072361	0.058131	3852844.0	3852842.0
40	0.197920	0.276217	0.307594	0.218268	0.162908	0.333364	0.289447	0.280727	0.047849	0.042025	0.076856	0.031190	0.055932	0.082832	0.059079	0.078373	0.063894	0.090605	0.100848	0.052248	0.026580	0.062233	0.072166	0.057289	3852842.0	3852842.0
41	0.194255	0.277695	0.308949	0.219100	0.161553	0.336764	0.285945	0.283343	0.046141	0.041682	0.075773	0.030659	0.055756	0.083930	0.059765	0.078244	0.062982	0.092020	0.101049	0.052899	0.026630	0.063047	0.071301	0.058123	3852844.0	3852844.0
42	0.191509	0.280679	0.307888	0.219925	0.157440	0.339371	0.280657	0.289471	0.043825	0.042124	0.075246	0.030314	0.054318	0.085328	0.059457	0.081575	0.060511	0.093511	0.101074	0.052791	0.026011	0.065279	0.071345	0.057289	3852844.0	3852843.0
43	0.184666	0.286242	0.307123	0.221969	0.151449	0.344788	0.272884	0.296469	0.040761	0.041128	0.073758	0.029020	0.053818	0.087705	0.060388	0.084331	0.057436	0.095765	0.100929	0.052992	0.025219	0.067983	0.072317	0.056450	3852843.0	3852842.0
44	0.177234	0.292581	0.307392	0.222793	0.145963	0.349952	0.268694	0.303556	0.038658	0.039307	0.071510	0.027760	0.053649	0.090374	0.061039	0.087520	0.055552	0.095564	0.102974	0.053301	0.024728	0.070845	0.072402	0.054817	3852843.0	3852843.0
45	0.172587	0.296090	0.307924	0.223398	0.142879	0.353057	0.267041	0.306912	0.037862	0.037839	0.069916	0.026970	0.054010	0.092894	0.060941	0.088245	0.056358	0.096316	0.102906	0.052346	0.025037	0.072763	0.072588	0.053010	3852844.0	3852842.0
46	0.173267	0.299813	0.306350	0.220570	0.140695	0.355829	0.270104	0.306114	0.039003	0.037468	0.070497	0.026299	0.055148	0.096142	0.061469	0.087053	0.057303	0.094916	0.103302	0.050830	0.024724	0.072249	0.072927	0.050670	3852842.0	3852841.0
47	0.176177	0.300775	0.308196	0.214852	0.143938	0.356898	0.277021	0.299083	0.042086	0.037086	0.070665	0.026341	0.057559	0.096740	0.062266	0.084209	0.060327	0.093947	0.103944	0.049978	0.025661	0.068283	0.071057	0.049852	3852843.0	3852838.0
48	0.185632	0.296056	0.307933	0.210379	0.150882	0.352863	0.284597	0.290019	0.046295	0.038713	0.073049	0.027576	0.058161	0.094879	0.062133	0.080883	0.062296	0.092894	0.102958	0.049785	0.026397	0.063643	0.069725	0.050614	3852839.0	3852831.0
49	0.193148	0.290128	0.307864	0.208860	0.156820	0.348130	0.289553	0.282484	0.048809	0.040243	0.074838	0.029259	0.059118	0.092171	0.061272	0.077567	0.063068	0.091848	0.102839	0.050109	0.026954	0.060947	0.069160	0.051799	3852836.0	3852835.0
50	0.197948	0.285208	0.308108	0.208736	0.162327	0.344362	0.292326	0.279419	0.050398	0.041798	0.075068	0.030683	0.059002	0.090099	0.060174	0.075933	0.063371	0.090601	0.103488	0.050648	0.027607	0.059748	0.067741	0.053639	3852843.0	3852842.0
51	0.200379	0.282246	0.306472	0.210903	0.167137	0.339846	0.292377	0.280408	0.052047	0.042705	0.074224	0.031403	0.058696	0.089576	0.058803	0.075170	0.063798	0.089157	0.102309	0.051208	0.027998	0.059972	0.067244	0.055689	3852843.0	3852841.0
52	0.202538	0.281410	0.302581	0.213471	0.171186	0.337126	0.291042	0.282609	0.052708	0.042917	0.074530	0.032383	0.058321	0.090002	0.057802	0.075285	0.062865	0.088383	0.100939	0.050393	0.028397	0.059624	0.067752	0.057698	3852842.0	3852842.0
53	0.202291	0.280926	0.301023	0.215760	0.174584	0.334686	0.290082	0.283200	0.053222	0.042901	0.073033	0.033134	0.059493	0.089287	0.058094	0.074052	0.062994	0.086472	0.100833	0.050725	0.028958	0.060591	0.066941	0.059270	3852844.0	3852843.0
54	0.204666	0.279251	0.298902	0.217181	0.176981	0.332407	0.291076	0.283718	0.054198	0.042900	0.074029	0.033539	0.058530	0.088818	0.057575	0.074326	0.062504	0.085670	0.100344	0.050384	0.029022	0.060352	0.067586	0.060222	3852843.0	3852841.0
55	0.204255	0.277739	0.299534	0.218471	0.176797	0.332857	0.291797	0.282628	0.053627	0.042864	0.074253	0.033511	0.058325	0.087766	0.057745	0.073902	0.062070	0.085498	0.101847	0.050120	0.029035	0.060336	0.068477	0.060624	3852842.0	3852839.0
56	0.203057	0.276463	0.302322	0.218157	0.176195	0.334248	0.292376	0.281659	0.053090	0.042967	0.073729	0.033272	0.057921	0.087688	0.057578	0.073277	0.062722	0.086148	0.102835	0.050617	0.029476	0.060338	0.067987	0.060357	3852841.0	3852838.0
57	0.203209	0.277140	0.302128	0.217523	0.175548	0.335883	0.292462	0.282346	0.053277	0.042696	0.073972	0.033264	0.057553	0.088289	0.057737	0.073561	0.062451	0.087094	0.102763	0.049820	0.028934	0.060423	0.068093	0.060073	3852841.0	3852841.0
58	0.202215	0.278503	0.302564	0.216718	0.173013	0.338202	0.291555	0.282647	0.052175	0.042822	0.074152	0.033066	0.057946	0.089984	0.057525	0.073046	0.061778	0.087242	0.103450	0.050095	0.028874	0.060719	0.068227	0.058898	3852844.0	3852839.0
59	0.200773	0.280767	0.303355	0.215105	0.172101	0.339873	0.290141	0.283090	0.051934	0.043001	0.073085	0.032753	0.058112	0.090508	0.058170	0.073976	0.061552	0.087625	0.103570	0.050609	0.029029	0.060221	0.067470	0.058385	3852839.0	3852835.0
60	0.200627	0.281354	0.302295	0.215724	0.172918	0.338708	0.288062	0.285396	0.052040	0.042912	0.072733	0.032942	0.058172	0.090638	0.057441	0.075103	0.061077	0.088417	0.102212	0.050589	0.028875	0.060594	0.067194	0.059061	3852840.0	3852839.0
61	0.200164	0.282561	0.299580	0.217696	0.174591	0.338317	0.286689	0.287386	0.052430	0.042417	0.072065	0.033252	0.058432	0.091740	0.057555	0.074834	0.060734	0.087562	0.101460	0.049823	0.029377	0.061279	0.067507	0.059533	3852843.0	3852841.0
62	0.200973	0.282998	0.298586	0.217442	0.177546	0.336699	0.286092	0.288420	0.053691	0.042158	0.071304	0.033820	0.058544	0.092274	0.057099	0.075081	0.061069	0.087299	0.100028	0.050191	0.029600	0.060631	0.066776	0.060435	3852842.0	3852837.0
63	0.202904	0.282361	0.295207	0.219527	0.181391	0.332695	0.286312	0.289669	0.054743	0.042256	0.071595	0.034310	0.058818	0.091825	0.056736	0.074983	0.060750	0.084910	0.099225	0.050323	0.030116	0.060639	0.066550	0.062223	3852839.0	3852838.0
64	0.204426	0.279629	0.294106	0.221840	0.183644	0.329987	0.286929	0.290039	0.055381	0.042928	0.071306	0.034811	0.058186	0.090581	0.056025	0.074837	0.060957	0.084097	0.099285	0.049767	0.030371	0.061539	0.066849	0.063081	3852843.0	3852843.0
65	0.204895	0.279145	0.293463	0.222496	0.184235	0.330216	0.288437	0.288913	0.055768	0.042604	0.071980	0.034543	0.058159	0.090708	0.056362	0.073915	0.061231	0.083688	0.099458	0.049086	0.030639	0.061006	0.067567	0.063284	3852844.0	3852844.0
66	0.205798	0.278006	0.295367	0.220829	0.182248	0.331365	0.290685	0.287183	0.055273	0.042975	0.072944	0.034606	0.058154	0.090275	0.056143	0.073433	0.061086	0.083565	0.101382	0.049334	0.029983	0.061089	0.067371	0.062386	3852844.0	3852844.0
67	0.204495	0.277904	0.297841	0.219760	0.178133	0.334355	0.290334	0.285239	0.053526	0.043443	0.073665	0.033862	0.058016	0.089937	0.056852	0.073099	0.061415	0.085838	0.101728	0.048859	0.029892	0.061351	0.067665	0.060853	3852844.0	3852842.0
68	0.202849	0.280569	0.299909	0.216673	0.174170	0.338782	0.291294	0.283699	0.052559	0.042979	0.074022	0.033289	0.058672	0.091038	0.057761	0.073098	0.061008	0.086279	0.103704	0.048917	0.029337	0.060578	0.067773	0.058985	3852842.0	3852842.0
69	0.201577	0.280874	0.303260	0.214289	0.171441	0.341867	0.291249	0.282112	0.051721	0.043437	0.073571	0.032848	0.058393	0.091308	0.058152	0.073021	0.061570	0.088019	0.104388	0.049283	0.028952	0.059861	0.067555	0.057921	3852844.0	3852844.0
70	0.200635	0.282626	0.303666	0.213073	0.170677	0.343415	0.288878	0.283966	0.051556	0.043662	0.072657	0.032761	0.058728	0.092778	0.057691	0.073429	0.060894	0.089174	0.103771	0.049826	0.028955	0.060353	0.066359	0.057406	3852844.0	3852844.0
71	0.200132	0.285967	0.300479	0.213423	0.172969	0.341784	0.286233	0.287122	0.051699	0.043157	0.071758	0.033517	0.059534	0.094021	0.057681	0.074730	0.060688	0.087994	0.102088	0.049708	0.029164	0.059783	0.065887	0.058588	3852844.0	3852844.0
72	0.201087	0.284956	0.297414	0.216544	0.175464	0.337890	0.284392	0.289981	0.052453	0.043440	0.071325	0.033869	0.059083	0.094727	0.056681	0.074465	0.060973	0.086842	0.099640	0.049958	0.029581	0.061228	0.066174	0.059561	3852844.0	3852844.0
73	0.202090	0.286236	0.293820	0.217853	0.178363	0.335404	0.283739	0.292218	0.053251	0.043279	0.071170	0.034391	0.059748	0.095216	0.056444	0.074828	0.060521	0.084946	0.098798	0.049556	0.029999	0.061451	0.065681	0.060723	3852844.0	3852841.0
74	0.203517	0.284892	0.292093	0.219498	0.180309	0.332618	0.284768	0.291841	0.053838	0.043491	0.071650	0.034538	0.059697	0.094914	0.056193	0.074087	0.061254	0.083485	0.098025	0.049328	0.030435	0.061341	0.066224	0.061498	3852841.0	3852840.0
75	0.205225	0.283232	0.292092	0.219451	0.181364	0.332454	0.287527	0.289708	0.054450	0.043297	0.072665	0.034813	0.059721	0.093567	0.056040	0.073903	0.060940	0.083374	0.099472	0.048307	0.030712	0.060848	0.066502	0.061390	3852843.0	3852839.0
76	0.205822	0.281087	0.294679	0.218412	0.179291	0.334215	0.290591	0.287257	0.054103	0.043904	0.073419	0.034397	0.059110	0.092771	0.056176	0.073029	0.061467	0.083665	0.101602	0.047945	0.030230	0.060896	0.066725	0.060561	3852840.0	3852839.0
77	0.204910	0.281235	0.297922	0.215932	0.177417	0.337695	0.292574	0.283771	0.053605	0.043609	0.073766	0.033930	0.059290	0.092513	0.057216	0.072217	0.062031	0.084794	0.103172	0.047926	0.030234	0.059393	0.066658	0.059648	3852843.0	3852842.0
78	0.205159	0.280308	0.300812	0.213721	0.175186	0.339764	0.293465	0.280552	0.053388	0.043949	0.074000	0.033821	0.059245	0.091697	0.057635	0.071731	0.062072	0.086427	0.104005	0.048308	0.029727	0.058875	0.066870	0.058249	3852843.0	3852840.0
79	0.204432	0.280948	0.302511	0.212109	0.172339	0.341299	0.292586	0.280722	0.052319	0.044230	0.074148	0.033735	0.058913	0.092311	0.057650	0.072075	0.062110	0.087329	0.104009	0.049062	0.029113	0.059164	0.066660	0.057172	3852841.0	3852841.0
80	0.202455	0.283034	0.302467	0.212044	0.172089	0.342117	0.289982	0.282871	0.051902	0.044359	0.072845	0.033349	0.060083	0.093707	0.056899	0.072345	0.061938	0.088216	0.103296	0.049017	0.029133	0.059114	0.066093	0.057705	3852844.0	3852842.0
81	0.203056	0.285395	0.299132	0.212416	0.173648	0.340450	0.286731	0.287216	0.052244	0.044440	0.072333	0.034039	0.059710	0.094995	0.057034	0.073656	0.061282	0.087550	0.100871	0.049429	0.028918	0.060119	0.064933	0.058446	3852842.0	3852842.0
82	0.202155	0.287103	0.295171	0.215571	0.175349	0.338576	0.283173	0.290908	0.052254	0.044478	0.071379	0.034044	0.059741	0.096448	0.056872	0.074042	0.060427	0.086144	0.099112	0.049488	0.029476	0.060844	0.065677	0.059574	3852844.0	3852844.0
83	0.201898	0.287913	0.293040	0.217149	0.177725	0.336594	0.282614	0.293076	0.053102	0.043873	0.070627	0.034297	0.059638	0.096071	0.057094	0.075110	0.060381	0.084925	0.098504	0.049229	0.029588	0.061156	0.065667	0.060739	3852844.0	3852842.0
84	0.202709	0.286024	0.291892	0.219375	0.180202	0.333713	0.282624	0.293548	0.053408	0.043977	0.070610	0.034714	0.059981	0.095478	0.055875	0.074690	0.060615	0.084368	0.097992	0.048917	0.030090	0.061390	0.065906	0.061990	3852842.0	3852841.0
85	0.204093	0.285213	0.290382	0.220312	0.181410	0.333668	0.285632	0.292028	0.054291	0.043473	0.071881	0.034448	0.059536	0.095270	0.056699	0.073708	0.060380	0.082619	0.099080	0.048303	0.030850	0.061230	0.066411	0.061821	3852843.0	3852843.0
86	0.205057	0.282592	0.294071	0.218280	0.180367	0.334883	0.289248	0.287437	0.054210	0.043712	0.072660	0.034475	0.059988	0.093298	0.056636	0.072670	0.061017	0.083588	0.101362	0.048105	0.030273	0.060060	0.066538	0.061409	3852844.0	3852842.0
87	0.205487	0.280659	0.297195	0.216659	0.179945	0.335892	0.291827	0.284171	0.054648	0.043702	0.072500	0.034638	0.059801	0.092411	0.056428	0.072019	0.062133	0.084507	0.102546	0.048008	0.030537	0.059619	0.066381	0.060122	3852842.0	3852841.0
88	0.207118	0.280239	0.297855	0.214788	0.177789	0.336915	0.293160	0.283461	0.054161	0.044163	0.074450	0.034345	0.059368	0.092414	0.056549	0.071907	0.061697	0.085100	0.102853	0.048206	0.029662	0.059519	0.065986	0.059621	3852843.0	3852842.0
89	0.204888	0.281195	0.299837	0.214080	0.176347	0.338890	0.291519	0.283244	0.053195	0.044347	0.073240	0.034106	0.059643	0.092565	0.056699	0.072287	0.061426	0.085968	0.103657	0.048786	0.029931	0.059277	0.065757	0.059115	3852843.0	3852842.0
90	0.204195	0.282157	0.299354	0.214294	0.175954	0.338743	0.288906	0.285010	0.053123	0.044726	0.072273	0.034074	0.059799	0.093621	0.056183	0.072554	0.061293	0.086721	0.102217	0.049122	0.029698	0.059775	0.065762	0.059060	3852843.0	3852843.0
91	0.203913	0.284843	0.296435	0.214809	0.176217	0.338592	0.286113	0.288567	0.052505	0.044424	0.072718	0.034265	0.059920	0.095642	0.056157	0.073124	0.060466	0.086370	0.100423	0.049175	0.029835	0.060190	0.065173	0.059612	3852844.0	3852844.0
92	0.202727	0.286626	0.294472	0.216176	0.177994	0.337503	0.284009	0.291124	0.053265	0.043985	0.071193	0.034283	0.060075	0.096210	0.056142	0.074199	0.060114	0.085714	0.099437	0.049207	0.030249	0.060518	0.065212	0.060197	3852844.0	3852844.0
93	0.203703	0.286427	0.291985	0.217886	0.180022	0.334014	0.283217	0.292663	0.053646	0.044371	0.070933	0.034753	0.060501	0.095731	0.055841	0.074353	0.060303	0.084106	0.098335	0.049240	0.030208	0.061162	0.065100	0.061416	3852844.0	3852844.0
94	0.204657	0.285370	0.290210	0.219762	0.182760	0.331928	0.284553	0.293290	0.054782	0.043692	0.071538	0.034646	0.060165	0.095563	0.055377	0.074266	0.060160	0.082915	0.098073	0.049062	0.030801	0.060930	0.065500	0.062531	3852844.0	3852844.0
95	0.205908	0.283099	0.290488	0.220505	0.184528	0.330146	0.288253	0.290957	0.055976	0.043436	0.071777	0.034719	0.060423	0.093836	0.055082	0.073758	0.061319	0.082047	0.099181	0.047941	0.031173	0.060702	0.065969	0.062661	3852844.0	3852844.0
96	0.208891	0.280021	0.292009	0.219078	0.185040	0.328929	0.291754	0.287949	0.056347	0.043898	0.073321	0.035325	0.059975	0.092375	0.054809	0.072862	0.062483	0.082141	0.099604	0.047781	0.030785	0.060129	0.065581	0.062584	3852844.0	3852844.0
97	0.209590	0.278544	0.293314	0.218552	0.185011	0.329336	0.293092	0.285249	0.056180	0.044595	0.073524	0.035292	0.060064	0.091410	0.055086	0.071983	0.062523	0.081974	0.100866	0.047951	0.031102	0.059418	0.065594	0.062437	3852844.0	3852842.0
98	0.209870	0.277398	0.295069	0.217663	0.183047	0.330594	0.293579	0.283457	0.055515	0.044640	0.074230	0.035485	0.060074	0.091251	0.054870	0.071203	0.062424	0.083064	0.101409	0.048172	0.030590	0.059546	0.066070	0.061457	3852842.0	3852841.0
99	0.208603	0.278501	0.296579	0.216317	0.181363	0.331836	0.292032	0.283305	0.054643	0.045026	0.073734	0.035200	0.060090	0.091293	0.054898	0.072218	0.062162	0.084152	0.101492	0.048773	0.030607	0.058881	0.065916	0.060913	3852843.0	3852842.0
100	0.207503	0.279352	0.296041	0.217104	0.180494	0.332644	0.288886	0.284949	0.053804	0.045305	0.072943	0.035451	0.059926	0.092798	0.054760	0.071867	0.062027	0.084974	0.100112	0.048928	0.030707	0.059752	0.066114	0.060531	3852843.0	3852843.0
101	0.206464	0.282829	0.293929	0.216778	0.178962	0.334258	0.285732	0.286608	0.053530	0.045333	0.072634	0.034967	0.060930	0.094198	0.055677	0.072023	0.060077	0.084892	0.099490	0.049470	0.030417	0.060338	0.065974	0.060048	3852844.0	3852843.0
102	0.204954	0.284761	0.293776	0.216508	0.178454	0.333921	0.284139	0.289046	0.052805	0.045239	0.071644	0.035266	0.061098	0.095298	0.055112	0.073253	0.060696	0.084518	0.098993	0.049569	0.030440	0.060553	0.065574	0.059941	3852843.0	3852840.0
103	0.205040	0.285607	0.291323	0.218031	0.179647	0.333709	0.284517	0.290748	0.053782	0.044404	0.071965	0.034888	0.060953	0.095962	0.055040	0.073653	0.059983	0.083922	0.098786	0.048632	0.030778	0.060935	0.066119	0.060199	3852841.0	3852841.0
104	0.205496	0.285222	0.291910	0.217373	0.180640	0.333060	0.286322	0.288609	0.054125	0.044085	0.072054	0.035231	0.061789	0.095190	0.055354	0.072889	0.060626	0.083000	0.099516	0.048768	0.030959	0.060206	0.065883	0.060325	3852844.0	3852844.0
105	0.207500	0.282481	0.292807	0.217212	0.183122	0.330186	0.289190	0.287298	0.055234	0.044010	0.072628	0.035627	0.061316	0.093258	0.054248	0.073659	0.061667	0.083020	0.099660	0.048460	0.030969	0.059090	0.065861	0.061291	3852844.0	3852844.0
106	0.209187	0.279378	0.292398	0.219038	0.184528	0.328805	0.291911	0.285870	0.056247	0.044095	0.073141	0.035703	0.060316	0.092629	0.054432	0.072001	0.062377	0.081598	0.100146	0.048277	0.031492	0.060155	0.066305	0.061086	3852844.0	3852842.0
107	0.210432	0.278477	0.294024	0.217067	0.184417	0.328197	0.294478	0.283145	0.056772	0.043940	0.073789	0.035930	0.060864	0.091653	0.054297	0.071662	0.063280	0.081610	0.100637	0.048498	0.031014	0.059130	0.066223	0.060700	3852842.0	3852838.0
108	0.211931	0.276333	0.294946	0.216790	0.184609	0.328809	0.294712	0.281655	0.056416	0.045080	0.074239	0.036196	0.059839	0.090917	0.054073	0.071504	0.062933	0.082694	0.101125	0.048194	0.031297	0.058534	0.066259	0.060700	3852840.0	3852840.0
109	0.210485	0.277224	0.295696	0.216595	0.182848	0.328809	0.293417	0.282009	0.055556	0.045152	0.073869	0.035907	0.060209	0.090912	0.054079	0.072024	0.062974	0.082800	0.101018	0.048905	0.031360	0.059048	0.066162	0.060024	3852844.0	3852841.0
110	0.210099	0.277913	0.295128	0.216860	0.182051	0.329775	0.291994	0.282166	0.055162	0.044879	0.074180	0.035878	0.060187	0.091353	0.054850	0.071521	0.062611	0.083530	0.100041	0.048947	0.030868	0.059149	0.066701	0.060143	3852841.0	3852836.0
111	0.208828	0.278911	0.295772	0.216489	0.181219	0.329359	0.289741	0.283683	0.054718	0.045507	0.073010	0.035593	0.060462	0.091729	0.054079	0.072641	0.062461	0.083998	0.099553	0.049761	0.031116	0.059522	0.066059	0.059792	3852839.0	3852834.0
112	0.208756	0.280756	0.292701	0.217787	0.180839	0.330659	0.286776	0.286710	0.053982	0.045897	0.072924	0.035954	0.060169	0.093616	0.054350	0.072621	0.061080	0.083904	0.098789	0.048927	0.030891	0.060461	0.066424	0.060012	3852839.0	3852837.0
113	0.206122	0.283877	0.292486	0.217515	0.180303	0.331882	0.285796	0.287986	0.053268	0.044885	0.072261	0.035708	0.060975	0.094186	0.054945	0.073770	0.060500	0.082984	0.099767	0.049235	0.031609	0.060312	0.065876	0.059718	3852842.0	3852838.0
114	0.206352	0.282367	0.292850	0.218432	0.180703	0.331461	0.287120	0.287611	0.054072	0.044451	0.072443	0.035385	0.060752	0.093795	0.054488	0.073332	0.060964	0.083538	0.099641	0.048707	0.031242	0.060482	0.066705	0.060003	3852840.0	3852837.0
115	0.207031	0.282266	0.293276	0.217427	0.180429	0.331452	0.289945	0.286057	0.054032	0.044312	0.073252	0.035435	0.061023	0.093955	0.054614	0.072673	0.062077	0.082298	0.100585	0.048317	0.031415	0.059881	0.066584	0.059547	3852841.0	3852839.0
116	0.208546	0.280446	0.295035	0.215973	0.182324	0.330760	0.293386	0.282738	0.055299	0.043831	0.073618	0.035799	0.061001	0.092529	0.054574	0.072341	0.062946	0.082134	0.101523	0.048431	0.031968	0.058611	0.066137	0.059257	3852842.0	3852837.0
117	0.211214	0.277104	0.295852	0.215829	0.183462	0.328412	0.296544	0.280358	0.056316	0.044294	0.074606	0.035999	0.061352	0.090751	0.053711	0.071288	0.063781	0.082109	0.101841	0.048122	0.031732	0.058904	0.065778	0.059415	3852839.0	3852830.0
118	0.213181	0.276058	0.295937	0.214824	0.183231	0.328182	0.297965	0.278304	0.056538	0.045527	0.075140	0.035976	0.060210	0.090088	0.054526	0.071233	0.064430	0.081712	0.101857	0.047939	0.031728	0.057996	0.066113	0.058988	3852835.0	3852829.0
119	0.212906	0.275321	0.297635	0.214137	0.183694	0.328007	0.297562	0.278284	0.056824	0.045081	0.074738	0.036263	0.060537	0.089898	0.053781	0.071105	0.064330	0.082659	0.101669	0.048977	0.031372	0.058046	0.065485	0.059235	3852838.0	3852837.0
120	0.213062	0.275683	0.295673	0.215581	0.184074	0.327208	0.294921	0.280297	0.056727	0.045281	0.074714	0.036340	0.060399	0.090650	0.053733	0.070901	0.063636	0.082981	0.099844	0.049212	0.031261	0.058998	0.065576	0.059747	3852843.0	3852840.0
121	0.212022	0.277911	0.293867	0.216201	0.182133	0.328487	0.291193	0.283156	0.055506	0.045951	0.074180	0.036386	0.060325	0.092201	0.053755	0.071628	0.062031	0.083055	0.099475	0.049305	0.030810	0.059895	0.066065	0.059432	3852841.0	3852836.0
122	0.208672	0.281101	0.293476	0.216752	0.181081	0.330687	0.287974	0.286015	0.054309	0.045402	0.073048	0.035912	0.060602	0.093761	0.054331	0.072407	0.061403	0.083381	0.099214	0.049478	0.031006	0.059994	0.065898	0.059853	3852839.0	3852838.0
123	0.207320	0.282538	0.292491	0.217651	0.181261	0.331195	0.286056	0.288129	0.054203	0.044750	0.072378	0.035990	0.060802	0.094275	0.054161	0.073299	0.060817	0.084102	0.098658	0.048914	0.031171	0.060657	0.065926	0.059898	3852843.0	3852836.0
124	0.206993	0.283784	0.291122	0.218101	0.180191	0.332700	0.286245	0.289304	0.053697	0.044480	0.073118	0.035699	0.060322	0.095582	0.054805	0.073074	0.060482	0.083364	0.098948	0.048327	0.031138	0.060990	0.066316	0.059657	3852837.0	3852836.0
125	0.205639	0.284415	0.293186	0.216759	0.179250	0.334377	0.288358	0.287033	0.053467	0.043720	0.073226	0.035226	0.061119	0.095225	0.055185	0.072887	0.061081	0.083385	0.100583	0.048137	0.031370	0.059734	0.066468	0.059187	3852843.0	3852842.0
126	0.207038	0.282064	0.295462	0.215437	0.179312	0.332967	0.292029	0.284693	0.054077	0.043769	0.074093	0.035099	0.060635	0.093398	0.054847	0.073184	0.062101	0.082963	0.101758	0.048640	0.031274	0.059250	0.066051	0.058862	3852843.0	3852842.0
127	0.208086	0.279380	0.296750	0.215784	0.180179	0.332725	0.293910	0.282199	0.054322	0.044088	0.074287	0.035389	0.060739	0.092708	0.054086	0.071847	0.062433	0.083064	0.102868	0.048385	0.031571	0.058748	0.066569	0.058896	3852843.0	3852843.0
128	0.209065	0.278607	0.297810	0.214518	0.180523	0.331757	0.295481	0.280083	0.054973	0.044739	0.074126	0.035227	0.061257	0.091461	0.054199	0.071690	0.063551	0.083266	0.102831	0.048162	0.031324	0.057934	0.066262	0.058999	3852844.0	3852843.0
129	0.211105	0.277399	0.297418	0.214078	0.182166	0.329599	0.294356	0.280681	0.055564	0.045209	0.074188	0.036143	0.061067	0.091145	0.053512	0.071675	0.063328	0.083666	0.101276	0.049149	0.031069	0.058471	0.065148	0.059390	3852843.0	3852842.0
130	0.211028	0.278491	0.294124	0.216357	0.183034	0.329890	0.290729	0.283096	0.055787	0.045713	0.073251	0.036278	0.060613	0.092190	0.054053	0.071635	0.062082	0.084038	0.099609	0.048395	0.031291	0.059593	0.065795	0.059678	3852843.0	3852841.0
131	0.209773	0.281534	0.292707	0.215986	0.181771	0.330282	0.287262	0.286340	0.055288	0.045763	0.072603	0.036120	0.060873	0.094057	0.053815	0.072788	0.061121	0.084159	0.098251	0.049176	0.031083	0.060213	0.065409	0.059281	3852842.0	3852839.0
132	0.208364	0.284192	0.290078	0.217366	0.183159	0.329638	0.284985	0.289667	0.055220	0.045025	0.071903	0.036217	0.061384	0.095177	0.053908	0.073723	0.060619	0.083309	0.097244	0.048906	0.031393	0.060438	0.065206	0.060329	3852841.0	3852841.0
133	0.208616	0.283949	0.288260	0.219175	0.183097	0.329898	0.283817	0.290534	0.054723	0.045242	0.072159	0.036492	0.060672	0.095186	0.054617	0.073475	0.059664	0.082825	0.097270	0.048500	0.031313	0.061304	0.065989	0.060570	3852844.0	3852844.0
134	0.206372	0.284557	0.290035	0.219036	0.183202	0.330457	0.284540	0.289735	0.054588	0.044755	0.070794	0.036234	0.061478	0.095466	0.054347	0.073265	0.060857	0.082344	0.098300	0.048534	0.031681	0.060305	0.066352	0.060699	3852844.0	3852843.0
135	0.208605	0.282870	0.289794	0.218732	0.183758	0.330557	0.288153	0.287806	0.055051	0.044282	0.072878	0.036393	0.060730	0.094417	0.054367	0.073355	0.060432	0.081981	0.099792	0.047590	0.031727	0.059447	0.066972	0.060587	3852843.0	3852841.0
136	0.207940	0.280127	0.294008	0.217925	0.182200	0.332171	0.290978	0.284967	0.054766	0.044207	0.073230	0.035737	0.060365	0.093556	0.054116	0.072090	0.061679	0.083194	0.101304	0.047831	0.031612	0.059235	0.066992	0.060086	3852842.0	3852842.0
137	0.208421	0.280193	0.295642	0.215744	0.180927	0.332989	0.293523	0.282570	0.055189	0.044071	0.073696	0.035465	0.060597	0.093400	0.054557	0.071639	0.062287	0.082681	0.102351	0.048323	0.031309	0.058567	0.066904	0.058964	3852844.0	3852843.0
138	0.209382	0.278719	0.297508	0.214391	0.181110	0.332857	0.294404	0.280715	0.055178	0.044429	0.073892	0.035883	0.060525	0.092420	0.054110	0.071662	0.062288	0.083280	0.103045	0.048894	0.031477	0.058060	0.066282	0.058572	3852843.0	3852840.0
139	0.209469	0.278191	0.297330	0.215011	0.181495	0.332747	0.293466	0.280603	0.055285	0.044706	0.073622	0.035857	0.060457	0.092438	0.054235	0.071061	0.062611	0.084125	0.101949	0.048645	0.031424	0.058175	0.066482	0.058929	3852841.0	3852841.0
140	0.209777	0.279443	0.296288	0.214492	0.181957	0.332257	0.291917	0.282153	0.055616	0.045024	0.073133	0.036004	0.060588	0.092631	0.054537	0.071687	0.062352	0.084273	0.100816	0.048847	0.031226	0.058724	0.065431	0.059111	3852844.0	3852844.0
141	0.209783	0.280652	0.293916	0.215648	0.182844	0.330421	0.289453	0.284431	0.055588	0.045517	0.072728	0.035950	0.060816	0.093469	0.054103	0.072264	0.061778	0.083491	0.099359	0.049289	0.031747	0.059138	0.065204	0.059559	3852844.0	3852843.0
142	0.209929	0.281615	0.291394	0.217062	0.185122	0.329602	0.287092	0.287658	0.056181	0.045387	0.071928	0.036433	0.060672	0.093740	0.054018	0.073185	0.060281	0.083141	0.098702	0.049269	0.031672	0.059897	0.064658	0.060835	3852843.0	3852842.0
143	0.208806	0.282165	0.289306	0.219723	0.186133	0.328314	0.285144	0.288514	0.056187	0.044978	0.071070	0.036570	0.061053	0.094174	0.054242	0.072696	0.060654	0.082665	0.097233	0.048754	0.032112	0.060381	0.065967	0.061263	3852843.0	3852841.0
144	0.210006	0.282199	0.288511	0.219283	0.187632	0.327066	0.287194	0.289513	0.056851	0.044379	0.071985	0.036792	0.060804	0.093274	0.054176	0.073945	0.060641	0.081899	0.097718	0.048255	0.031759	0.060064	0.065230	0.062231	3852842.0	3852839.0
145	0.210054	0.279615	0.289108	0.221222	0.188280	0.326723	0.289273	0.288223	0.057359	0.044160	0.072122	0.036413	0.060501	0.093057	0.053971	0.072087	0.061523	0.081427	0.098268	0.047890	0.031856	0.060429	0.066286	0.062651	3852841.0	3852840.0
146	0.211240	0.279072	0.290647	0.219041	0.188643	0.327962	0.292327	0.285995	0.057928	0.044005	0.072926	0.036381	0.060150	0.092669	0.054073	0.072180	0.061718	0.081465	0.099755	0.047709	0.031944	0.058756	0.065951	0.062390	3852843.0	3852843.0
147	0.211740	0.276895	0.292706	0.218660	0.188578	0.327668	0.294116	0.283021	0.057569	0.043943	0.073476	0.036752	0.060329	0.091178	0.053915	0.071473	0.062081	0.081585	0.100990	0.048049	0.032375	0.058489	0.065915	0.061882	3852844.0	3852844.0
148	0.212355	0.275195	0.294295	0.218155	0.187181	0.329025	0.295644	0.281353	0.057585	0.044060	0.074138	0.036571	0.059364	0.090955	0.054006	0.070869	0.062399	0.082542	0.101521	0.047832	0.031846	0.058350	0.066781	0.061178	3852844.0	3852844.0
149	0.211194	0.275908	0.296446	0.216452	0.185536	0.331146	0.295616	0.280068	0.057575	0.044283	0.073467	0.035869	0.060013	0.090799	0.054766	0.070330	0.062548	0.083555	0.102026	0.048317	0.031573	0.058419	0.065941	0.060519	3852844.0	3852844.0
150	0.211709	0.277057	0.296199	0.215035	0.185290	0.330908	0.294551	0.281410	0.057084	0.044604	0.073463	0.036558	0.059876	0.091438	0.054419	0.071324	0.062678	0.083726	0.101326	0.048469	0.031097	0.058096	0.065291	0.060551	3852844.0	3852844.0
151	0.210734	0.277863	0.294500	0.216903	0.184950	0.330653	0.291279	0.283676	0.056474	0.044686	0.073194	0.036380	0.059655	0.092726	0.054377	0.071106	0.061766	0.083705	0.099844	0.049183	0.031297	0.059046	0.065761	0.060798	3852844.0	3852844.0
152	0.209192	0.280164	0.293177	0.217467	0.185154	0.330844	0.288617	0.286898	0.056140	0.044647	0.072041	0.036365	0.059911	0.093496	0.054610	0.072147	0.061182	0.083483	0.099255	0.049257	0.031183	0.059789	0.065029	0.061466	3852844.0	3852844.0
153	0.208415	0.281415	0.290935	0.219235	0.186341	0.329262	0.286713	0.289366	0.056072	0.044294	0.071428	0.036621	0.060222	0.094305	0.054011	0.072877	0.060674	0.082408	0.098538	0.049314	0.031478	0.060014	0.065573	0.062170	3852844.0	3852844.0
154	0.208447	0.281021	0.289550	0.220982	0.188360	0.328653	0.286381	0.289907	0.056522	0.043920	0.071283	0.036722	0.060069	0.093855	0.054238	0.072860	0.060442	0.082426	0.098134	0.048548	0.032138	0.060215	0.065652	0.062978	3852844.0	3852844.0
155	0.209171	0.280415	0.289306	0.221107	0.189074	0.326639	0.288303	0.288984	0.057188	0.043780	0.071562	0.036642	0.060703	0.092835	0.054443	0.072435	0.061474	0.081283	0.098079	0.048470	0.031903	0.060374	0.065489	0.063341	3852844.0	3852844.0
156	0.211268	0.278271	0.289573	0.220888	0.190254	0.326775	0.291274	0.287263	0.058139	0.044090	0.072289	0.036750	0.059818	0.092225	0.054502	0.071726	0.061559	0.080762	0.099286	0.047966	0.032059	0.060007	0.065516	0.063306	3852844.0	3852842.0
157	0.211576	0.277083	0.291593	0.219748	0.190252	0.327577	0.293370	0.284194	0.058047	0.043799	0.072712	0.037019	0.060331	0.091320	0.054632	0.070800	0.062092	0.081106	0.100519	0.047876	0.032200	0.059087	0.065474	0.062986	3852842.0	3852839.0
158	0.212670	0.275312	0.293337	0.218682	0.188734	0.328424	0.294108	0.281923	0.057862	0.044520	0.073476	0.036813	0.060127	0.090560	0.054533	0.070092	0.061853	0.082413	0.100917	0.048153	0.031807	0.059018	0.065604	0.062253	3852841.0	3852841.0
159	0.211649	0.276511	0.294529	0.217311	0.187371	0.328858	0.294415	0.282234	0.057461	0.044407	0.073166	0.036615	0.060076	0.090972	0.054361	0.071102	0.062335	0.082071	0.101454	0.048670	0.031790	0.058654	0.065362	0.061506	3852844.0	3852844.0
160	0.211661	0.276103	0.294343	0.217893	0.186257	0.330154	0.291902	0.283152	0.056641	0.045170	0.073154	0.036696	0.059597	0.091520	0.054497	0.070488	0.061259	0.083288	0.100848	0.048948	0.031382	0.059606	0.065368	0.061537	3852844.0	3852844.0
161	0.208879	0.279584	0.293867	0.217670	0.184642	0.331842	0.289218	0.285148	0.055769	0.044841	0.072042	0.036228	0.060037	0.093224	0.054719	0.071603	0.061192	0.083683	0.100215	0.048777	0.031357	0.059031	0.065992	0.061290	3852844.0	3852844.0
162	0.208355	0.280780	0.292969	0.217896	0.185065	0.331781	0.286725	0.287347	0.055877	0.044916	0.071269	0.036293	0.059755	0.094121	0.054755	0.072149	0.060619	0.083944	0.098960	0.049445	0.031405	0.059588	0.065413	0.061490	3852844.0	3852844.0
163	0.207656	0.282569	0.290398	0.219377	0.185037	0.330229	0.284763	0.288571	0.055785	0.044806	0.070643	0.036423	0.060812	0.094103	0.055058	0.072596	0.060507	0.083239	0.097829	0.048823	0.031501	0.060544	0.066004	0.061328	3852844.0	3852843.0
164	0.208605	0.282692	0.289533	0.219170	0.185891	0.330408	0.285922	0.289664	0.056029	0.044593	0.071260	0.036724	0.060005	0.094547	0.055139	0.073001	0.060373	0.082462	0.098260	0.048438	0.031202	0.060181	0.065851	0.061936	3852843.0	3852843.0
165	0.207609	0.281782	0.290510	0.220099	0.187182	0.329559	0.286899	0.288916	0.056417	0.044117	0.070715	0.036360	0.060555	0.093489	0.054957	0.072782	0.060790	0.082136	0.098977	0.048607	0.031849	0.060090	0.065603	0.062556	3852844.0	3852844.0
166	0.209611	0.279832	0.290253	0.220304	0.188462	0.328568	0.289980	0.287117	0.057281	0.043956	0.071669	0.036706	0.060542	0.092997	0.054577	0.071717	0.061483	0.081447	0.099548	0.047774	0.031872	0.059800	0.066029	0.062603	3852844.0	3852844.0
167	0.211178	0.278200	0.291822	0.218800	0.189639	0.327817	0.292532	0.285377	0.057768	0.044469	0.072078	0.036862	0.060153	0.091934	0.054248	0.071865	0.062155	0.081104	0.100531	0.048032	0.032191	0.058760	0.065031	0.062818	3852844.0	3852844.0
168	0.212267	0.276268	0.291888	0.219577	0.189698	0.327544	0.294540	0.283341	0.058396	0.044461	0.072871	0.036540	0.059974	0.090581	0.054347	0.071366	0.061959	0.081302	0.101314	0.047313	0.032303	0.058933	0.065881	0.062461	3852844.0	3852844.0
169	0.212631	0.275277	0.294413	0.217679	0.187830	0.329395	0.294909	0.280982	0.057648	0.044728	0.073499	0.036755	0.059561	0.090811	0.054392	0.070513	0.062223	0.082654	0.101539	0.047997	0.032248	0.058479	0.065773	0.061179	3852844.0	3852844.0
170	0.211681	0.276673	0.295203	0.216444	0.186606	0.331262	0.294357	0.282068	0.057470	0.044731	0.072915	0.036564	0.059453	0.092012	0.054606	0.070602	0.062041	0.082713	0.101931	0.048518	0.031672	0.058554	0.065318	0.060900	3852844.0	3852844.0
171	0.210636	0.278011	0.294770	0.216583	0.185541	0.330699	0.291358	0.283946	0.056736	0.044928	0.072441	0.036532	0.059858	0.092245	0.054138	0.071770	0.061568	0.083702	0.100614	0.048886	0.031240	0.058898	0.065412	0.061033	3852844.0	3852844.0
172	0.209402	0.279773	0.292604	0.218221	0.185226	0.331357	0.289022	0.286025	0.056248	0.044707	0.072248	0.036199	0.059657	0.093708	0.054855	0.071553	0.061124	0.083391	0.099403	0.048687	0.031535	0.059520	0.065922	0.061244	3852844.0	3852844.0
173	0.208564	0.281326	0.292427	0.217683	0.185731	0.331379	0.287583	0.286718	0.056213	0.044564	0.071227	0.036559	0.060281	0.093937	0.054817	0.072292	0.060881	0.083363	0.099263	0.048920	0.031719	0.059250	0.065475	0.061239	3852844.0	3852843.0
174	0.209094	0.281114	0.290781	0.219011	0.187069	0.329216	0.287671	0.287164	0.056734	0.044391	0.071341	0.036627	0.060182	0.093671	0.054996	0.072265	0.061186	0.082140	0.098409	0.049046	0.032001	0.059520	0.065783	0.061707	3852843.0	3852841.0
175	0.210103	0.279723	0.290529	0.219645	0.188674	0.328715	0.289368	0.287292	0.057209	0.044093	0.071791	0.037009	0.059781	0.093306	0.054445	0.072191	0.061181	0.081777	0.099187	0.048385	0.032124	0.059464	0.065726	0.062332	3852842.0	3852837.0
176	0.210295	0.278639	0.291150	0.219917	0.188676	0.327808	0.290725	0.285642	0.057639	0.044186	0.071908	0.036561	0.060433	0.092655	0.054126	0.071425	0.061819	0.081668	0.099359	0.048304	0.032369	0.059456	0.065986	0.062106	3852839.0	3852838.0
177	0.212259	0.277964	0.291379	0.218397	0.190088	0.327605	0.292000	0.284629	0.058241	0.044314	0.072186	0.037519	0.059945	0.092228	0.054331	0.071461	0.061704	0.081176	0.099869	0.048630	0.031950	0.058561	0.065507	0.062378	3852843.0	3852843.0
178	0.211840	0.276279	0.291893	0.219988	0.189879	0.327814	0.292787	0.283195	0.057992	0.044397	0.072542	0.036909	0.059931	0.091500	0.054241	0.070607	0.061870	0.081689	0.100384	0.047952	0.032469	0.058579	0.066431	0.062509	3852844.0	3852844.0
179	0.212262	0.276165	0.293597	0.217976	0.188169	0.329162	0.293266	0.281937	0.058133	0.045183	0.072214	0.036732	0.060275	0.091342	0.054418	0.070130	0.062037	0.082520	0.100882	0.048158	0.031620	0.058782	0.065891	0.061684	3852844.0	3852843.0
180	0.212066	0.277826	0.293404	0.216704	0.187146	0.330285	0.293419	0.282219	0.057744	0.044617	0.073200	0.036505	0.060199	0.091880	0.055112	0.070635	0.062007	0.082825	0.100468	0.048104	0.031710	0.058517	0.065289	0.061188	3852843.0	3852843.0
181	0.211661	0.277839	0.294070	0.216431	0.185848	0.331862	0.292554	0.283349	0.057329	0.045104	0.072914	0.036313	0.059511	0.092802	0.054657	0.070868	0.061203	0.083296	0.101107	0.048463	0.031226	0.058699	0.065526	0.060980	3852844.0	3852844.0
182	0.209270	0.279901	0.294205	0.216625	0.183946	0.332132	0.289542	0.284950	0.056198	0.045124	0.072022	0.035926	0.060129	0.093774	0.054371	0.071627	0.061410	0.084075	0.099911	0.048808	0.031491	0.059217	0.065586	0.060331	3852844.0	3852844.0
183	0.209228	0.282191	0.291890	0.216692	0.184564	0.331994	0.288611	0.286948	0.056127	0.044617	0.072232	0.036251	0.060519	0.094517	0.055028	0.072127	0.060910	0.083107	0.099342	0.048530	0.031351	0.059470	0.065037	0.060834	3852844.0	3852844.0
184	0.208906	0.281710	0.291640	0.217743	0.185177	0.331189	0.288272	0.287031	0.056389	0.045051	0.071251	0.036215	0.061033	0.094218	0.054369	0.072090	0.060881	0.082852	0.099751	0.048157	0.031509	0.059659	0.065511	0.061064	3852844.0	3852844.0
185	0.209812	0.281779	0.290882	0.217526	0.186880	0.330686	0.288972	0.287262	0.056901	0.044273	0.071792	0.036846	0.060758	0.094470	0.054663	0.071888	0.061009	0.082283	0.099270	0.048320	0.031739	0.059510	0.064883	0.061394	3852844.0	3852844.0
186	0.210407	0.280537	0.290608	0.218448	0.188316	0.328485	0.289467	0.287245	0.057430	0.044534	0.071626	0.036819	0.060653	0.093530	0.054134	0.072220	0.061598	0.082007	0.098815	0.048189	0.031726	0.059155	0.065226	0.062341	3852844.0	3852844.0
187	0.211407	0.279225	0.289800	0.219568	0.189065	0.327935	0.290106	0.286041	0.057992	0.044543	0.072313	0.036559	0.060092	0.092706	0.054710	0.071717	0.060943	0.081660	0.098859	0.048338	0.032247	0.059351	0.065703	0.062267	3852844.0	3852844.0
188	0.211274	0.278261	0.291585	0.218881	0.188473	0.328101	0.291317	0.285213	0.057743	0.044652	0.072206	0.036673	0.060829	0.092292	0.053826	0.071313	0.061733	0.082349	0.099635	0.047869	0.031874	0.059425	0.065399	0.062183	3852844.0	3852843.0
189	0.212179	0.278717	0.291066	0.218038	0.188206	0.328334	0.290860	0.285214	0.057594	0.045009	0.072477	0.037099	0.060068	0.092812	0.054039	0.071798	0.061293	0.081989	0.099495	0.048289	0.031946	0.059036	0.065489	0.061568	3852843.0	3852843.0
190	0.210901	0.278846	0.291500	0.218754	0.186814	0.329373	0.290176	0.285676	0.057345	0.044930	0.072066	0.036559	0.059705	0.092581	0.054634	0.071926	0.061184	0.082577	0.099581	0.048157	0.031529	0.059789	0.066055	0.061380	3852844.0	3852843.0
191	0.209763	0.279877	0.292336	0.218023	0.185426	0.330946	0.289483	0.286433	0.056756	0.044690	0.071982	0.036335	0.059974	0.093165	0.054464	0.072274	0.060817	0.083390	0.099928	0.048202	0.031355	0.060013	0.065675	0.060981	3852843.0	3852843.0
192	0.208902	0.281258	0.292049	0.217792	0.185478	0.330997	0.288863	0.287036	0.056169	0.044181	0.071680	0.036872	0.060180	0.094326	0.054527	0.072224	0.061403	0.082532	0.099611	0.048502	0.031602	0.059650	0.065704	0.060836	3852844.0	3852843.0
193	0.209354	0.280689	0.291523	0.218435	0.184932	0.330732	0.288333	0.287527	0.055802	0.044839	0.072216	0.036498	0.059802	0.093934	0.054514	0.072439	0.060919	0.082889	0.099396	0.048319	0.031439	0.059961	0.065842	0.061193	3852843.0	3852843.0
194	0.207962	0.281622	0.291967	0.218449	0.184714	0.330490	0.287260	0.287384	0.055775	0.044551	0.071150	0.036487	0.060710	0.093449	0.054597	0.072866	0.060926	0.083035	0.099409	0.048596	0.031564	0.060180	0.065816	0.060888	3852844.0	3852844.0
195	0.208976	0.281215	0.290972	0.218838	0.185565	0.330318	0.288335	0.287920	0.056295	0.044482	0.071630	0.036568	0.060442	0.093926	0.054362	0.072486	0.060699	0.082319	0.099711	0.048243	0.031603	0.060409	0.065727	0.061099	3852844.0	3852839.0
196	0.209039	0.281136	0.291430	0.218395	0.185745	0.330418	0.288272	0.287243	0.056459	0.044376	0.071523	0.036680	0.060426	0.093786	0.054548	0.072375	0.061024	0.082817	0.099266	0.048323	0.031347	0.059822	0.065967	0.061260	3852839.0	3852836.0
197	0.209256	0.280801	0.291306	0.218637	0.185374	0.330410	0.289786	0.286276	0.056113	0.044411	0.072274	0.036458	0.060269	0.093424	0.054940	0.072168	0.061266	0.081913	0.100132	0.047994	0.031934	0.059814	0.066020	0.060870	3852841.0	3852841.0
198	0.209582	0.279562	0.293367	0.217489	0.184870	0.330072	0.290292	0.285367	0.056334	0.044735	0.072056	0.036457	0.060457	0.092579	0.054404	0.072122	0.061669	0.082856	0.100232	0.048609	0.031287	0.059874	0.065537	0.060792	3852844.0	3852844.0
199	0.209747	0.280045	0.292229	0.217979	0.184776	0.329978	0.289586	0.286074	0.056336	0.044783	0.072196	0.036432	0.060368	0.093297	0.054081	0.072299	0.061111	0.082657	0.099944	0.048517	0.031268	0.059738	0.066233	0.060740	3852844.0	3852844.0
