Distance in bp(Fragment Length Estimate: 229)(Peak Width Estimate: 781)	Same Strand (+ for Watson strand, - for Crick)	Opposite Strand
-2000	18054.0	14512.0
-1999	17395.0	13721.0
-1998	18032.0	14740.0
-1997	16679.0	14416.0
-1996	17869.0	14441.0
-1995	17419.0	14882.0
-1994	16240.0	15776.0
-1993	17631.0	14633.0
-1992	16616.0	15162.0
-1991	15309.0	14106.0
-1990	17665.0	13877.0
-1989	15924.0	14815.0
-1988	15983.0	14102.0
-1987	17414.0	13436.0
-1986	16454.0	14038.0
-1985	16625.0	14771.0
-1984	16867.0	14035.0
-1983	16678.0	14919.0
-1982	16945.0	13330.0
-1981	17146.0	15349.0
-1980	17322.0	14280.0
-1979	18439.0	15586.0
-1978	18956.0	14783.0
-1977	19116.0	15725.0
-1976	18033.0	14810.0
-1975	18278.0	15841.0
-1974	19431.0	15036.0
-1973	20000.0	17172.0
-1972	19891.0	16127.0
-1971	18820.0	16673.0
-1970	19471.0	15737.0
-1969	20504.0	15770.0
-1968	20195.0	16543.0
-1967	20696.0	16708.0
-1966	20876.0	15630.0
-1965	20913.0	16721.0
-1964	21248.0	16472.0
-1963	21147.0	16968.0
-1962	19511.0	15515.0
-1961	18929.0	16349.0
-1960	19772.0	16427.0
-1959	18386.0	17156.0
-1958	17873.0	15548.0
-1957	18079.0	15405.0
-1956	18300.0	15785.0
-1955	18692.0	15030.0
-1954	18381.0	16696.0
-1953	17638.0	15612.0
-1952	17644.0	17633.0
-1951	17650.0	16168.0
-1950	17002.0	16197.0
-1949	18383.0	17161.0
-1948	17417.0	15882.0
-1947	17563.0	16712.0
-1946	19083.0	16837.0
-1945	18850.0	15816.0
-1944	18215.0	16420.0
-1943	18771.0	16418.0
-1942	18357.0	16710.0
-1941	17811.0	14929.0
-1940	17953.0	17017.0
-1939	18107.0	15337.0
-1938	19372.0	14758.0
-1937	18906.0	15056.0
-1936	17508.0	15373.0
-1935	19772.0	15631.0
-1934	19549.0	15581.0
-1933	16880.0	15741.0
-1932	21282.0	15093.0
-1931	19301.0	13972.0
-1930	18291.0	14826.0
-1929	19288.0	14538.0
-1928	19346.0	14805.0
-1927	19244.0	14366.0
-1926	19450.0	15028.0
-1925	18852.0	14836.0
-1924	19191.0	15312.0
-1923	19652.0	14623.0
-1922	19349.0	14612.0
-1921	20546.0	14930.0
-1920	18096.0	14231.0
-1919	18887.0	15233.0
-1918	20475.0	14867.0
-1917	19260.0	14502.0
-1916	20006.0	14968.0
-1915	19108.0	14655.0
-1914	19612.0	14609.0
-1913	19347.0	14274.0
-1912	17667.0	15253.0
-1911	17851.0	15546.0
-1910	17905.0	15050.0
-1909	17132.0	16233.0
-1908	17633.0	15024.0
-1907	17952.0	16183.0
-1906	17883.0	16050.0
-1905	18565.0	17215.0
-1904	17454.0	15411.0
-1903	18140.0	15656.0
-1902	18514.0	16140.0
-1901	18851.0	16548.0
-1900	18058.0	17303.0
-1899	19022.0	17118.0
-1898	19327.0	16557.0
-1897	17226.0	16896.0
-1896	18245.0	17594.0
-1895	19066.0	16406.0
-1894	18295.0	15653.0
-1893	18413.0	16190.0
-1892	17659.0	16408.0
-1891	18934.0	16036.0
-1890	17452.0	17984.0
-1889	17862.0	16621.0
-1888	17901.0	16336.0
-1887	17724.0	16635.0
-1886	18117.0	16965.0
-1885	18217.0	16696.0
-1884	17921.0	15417.0
-1883	16126.0	16333.0
-1882	17240.0	17249.0
-1881	17592.0	15795.0
-1880	17428.0	15847.0
-1879	17327.0	16047.0
-1878	18202.0	16274.0
-1877	16053.0	14933.0
-1876	18517.0	15863.0
-1875	17184.0	14783.0
-1874	17572.0	15530.0
-1873	16930.0	16019.0
-1872	17469.0	16004.0
-1871	17530.0	16228.0
-1870	17521.0	17158.0
-1869	17360.0	16852.0
-1868	16391.0	16438.0
-1867	18694.0	16378.0
-1866	18159.0	16977.0
-1865	18044.0	15231.0
-1864	17853.0	17371.0
-1863	18454.0	15755.0
-1862	18380.0	16026.0
-1861	18321.0	16333.0
-1860	19140.0	15826.0
-1859	17555.0	17596.0
-1858	18985.0	15499.0
-1857	18064.0	16231.0
-1856	17551.0	15894.0
-1855	17857.0	16557.0
-1854	18748.0	16114.0
-1853	19046.0	16159.0
-1852	19008.0	15641.0
-1851	18272.0	15227.0
-1850	19732.0	16066.0
-1849	18371.0	16046.0
-1848	18421.0	15263.0
-1847	18937.0	15528.0
-1846	18752.0	16019.0
-1845	18348.0	15001.0
-1844	17055.0	16538.0
-1843	18196.0	17328.0
-1842	17472.0	15488.0
-1841	19043.0	16960.0
-1840	18637.0	17355.0
-1839	19734.0	17062.0
-1838	19351.0	17700.0
-1837	20971.0	15250.0
-1836	19371.0	16894.0
-1835	19711.0	16441.0
-1834	20611.0	17255.0
-1833	20241.0	15618.0
-1832	21012.0	18397.0
-1831	22002.0	17338.0
-1830	21253.0	18786.0
-1829	22041.0	17065.0
-1828	21161.0	18167.0
-1827	21752.0	19029.0
-1826	22005.0	17426.0
-1825	22380.0	18556.0
-1824	22170.0	18067.0
-1823	23774.0	17345.0
-1822	21668.0	17365.0
-1821	22810.0	18093.0
-1820	25483.0	17098.0
-1819	23996.0	19255.0
-1818	25198.0	19280.0
-1817	25374.0	19196.0
-1816	26402.0	16905.0
-1815	27853.0	17569.0
-1814	30124.0	18750.0
-1813	29797.0	17200.0
-1812	30966.0	19116.0
-1811	31051.0	17992.0
-1810	33801.0	16505.0
-1809	32641.0	19932.0
-1808	32303.0	18900.0
-1807	29961.0	18321.0
-1806	28349.0	18080.0
-1805	28095.0	18704.0
-1804	26512.0	18331.0
-1803	25007.0	18580.0
-1802	24812.0	18550.0
-1801	25473.0	18396.0
-1800	23287.0	19466.0
-1799	23182.0	19803.0
-1798	23940.0	19252.0
-1797	23491.0	17944.0
-1796	22982.0	16594.0
-1795	23465.0	19537.0
-1794	21744.0	18318.0
-1793	22525.0	19202.0
-1792	21027.0	18873.0
-1791	22564.0	18531.0
-1790	22538.0	18528.0
-1789	22687.0	18814.0
-1788	22007.0	19099.0
-1787	21739.0	19048.0
-1786	21903.0	18641.0
-1785	20683.0	18006.0
-1784	22103.0	16805.0
-1783	20591.0	18176.0
-1782	22615.0	17291.0
-1781	19598.0	16781.0
-1780	20351.0	18188.0
-1779	20016.0	17870.0
-1778	19172.0	18284.0
-1777	19189.0	17078.0
-1776	18766.0	18200.0
-1775	19206.0	17302.0
-1774	18600.0	17332.0
-1773	18987.0	16249.0
-1772	18942.0	16787.0
-1771	17962.0	17001.0
-1770	18704.0	17126.0
-1769	19348.0	17340.0
-1768	18159.0	17583.0
-1767	18494.0	17423.0
-1766	18791.0	16698.0
-1765	19015.0	18903.0
-1764	18858.0	16932.0
-1763	19687.0	18445.0
-1762	20709.0	17554.0
-1761	19082.0	18298.0
-1760	20129.0	18475.0
-1759	20161.0	17802.0
-1758	18987.0	17759.0
-1757	18883.0	19482.0
-1756	18343.0	16850.0
-1755	19939.0	17593.0
-1754	18748.0	17159.0
-1753	20326.0	18399.0
-1752	21555.0	17616.0
-1751	20640.0	18359.0
-1750	20947.0	18862.0
-1749	19742.0	18696.0
-1748	20542.0	17920.0
-1747	19184.0	18666.0
-1746	19134.0	17609.0
-1745	19875.0	17388.0
-1744	19606.0	17386.0
-1743	19272.0	18414.0
-1742	19769.0	18697.0
-1741	19981.0	17619.0
-1740	20189.0	19142.0
-1739	19530.0	17319.0
-1738	20086.0	17841.0
-1737	19764.0	18487.0
-1736	19655.0	16899.0
-1735	20606.0	18829.0
-1734	21689.0	17372.0
-1733	20484.0	16768.0
-1732	20782.0	17881.0
-1731	21497.0	17758.0
-1730	20689.0	17297.0
-1729	21981.0	17094.0
-1728	21534.0	17536.0
-1727	22330.0	16822.0
-1726	22397.0	18352.0
-1725	22634.0	17319.0
-1724	23889.0	18736.0
-1723	23604.0	17539.0
-1722	24369.0	17708.0
-1721	24962.0	17948.0
-1720	24553.0	19322.0
-1719	26076.0	17839.0
-1718	26768.0	18318.0
-1717	28436.0	19419.0
-1716	27271.0	18766.0
-1715	25435.0	18286.0
-1714	25990.0	17848.0
-1713	24367.0	18151.0
-1712	23767.0	16849.0
-1711	23708.0	16151.0
-1710	26134.0	18451.0
-1709	24035.0	17038.0
-1708	25314.0	17678.0
-1707	24744.0	19024.0
-1706	24935.0	17785.0
-1705	24852.0	16898.0
-1704	24024.0	17481.0
-1703	23385.0	18000.0
-1702	24460.0	17124.0
-1701	23819.0	19656.0
-1700	24495.0	17472.0
-1699	23795.0	18294.0
-1698	22588.0	18237.0
-1697	23709.0	18090.0
-1696	21977.0	17397.0
-1695	23816.0	18559.0
-1694	24100.0	16304.0
-1693	22575.0	18154.0
-1692	23611.0	19379.0
-1691	25341.0	17139.0
-1690	24997.0	18148.0
-1689	22931.0	17803.0
-1688	22949.0	18060.0
-1687	23648.0	17319.0
-1686	23675.0	18166.0
-1685	24177.0	16616.0
-1684	23087.0	17604.0
-1683	24299.0	17290.0
-1682	22766.0	17447.0
-1681	22999.0	16711.0
-1680	24960.0	18375.0
-1679	23565.0	16738.0
-1678	24381.0	18218.0
-1677	23227.0	17321.0
-1676	23299.0	18275.0
-1675	22627.0	18735.0
-1674	22891.0	17386.0
-1673	23798.0	18855.0
-1672	23976.0	16980.0
-1671	22814.0	18971.0
-1670	22204.0	17055.0
-1669	22148.0	17959.0
-1668	23472.0	16104.0
-1667	22530.0	15944.0
-1666	23552.0	16700.0
-1665	22637.0	16953.0
-1664	23874.0	15910.0
-1663	24430.0	17590.0
-1662	23558.0	17628.0
-1661	23302.0	16554.0
-1660	24336.0	18343.0
-1659	21820.0	19488.0
-1658	23458.0	19223.0
-1657	23222.0	18133.0
-1656	23391.0	19497.0
-1655	23304.0	19971.0
-1654	22852.0	19586.0
-1653	23638.0	20411.0
-1652	22825.0	19095.0
-1651	22812.0	17904.0
-1650	21547.0	18419.0
-1649	22773.0	17860.0
-1648	22567.0	17534.0
-1647	22134.0	17142.0
-1646	22758.0	18035.0
-1645	21889.0	16520.0
-1644	23059.0	18351.0
-1643	23508.0	18592.0
-1642	23208.0	18044.0
-1641	23919.0	18651.0
-1640	23232.0	18707.0
-1639	24041.0	18218.0
-1638	24004.0	18403.0
-1637	23938.0	18376.0
-1636	23022.0	20297.0
-1635	24721.0	19374.0
-1634	24773.0	18654.0
-1633	25517.0	20909.0
-1632	23427.0	19350.0
-1631	25156.0	20013.0
-1630	24626.0	19106.0
-1629	26041.0	19738.0
-1628	25310.0	18688.0
-1627	24689.0	18924.0
-1626	24030.0	20157.0
-1625	26290.0	18525.0
-1624	24692.0	18289.0
-1623	25674.0	19591.0
-1622	24722.0	18580.0
-1621	25689.0	17586.0
-1620	25088.0	17799.0
-1619	24512.0	18121.0
-1618	24531.0	18673.0
-1617	24195.0	18135.0
-1616	25115.0	18210.0
-1615	25284.0	18590.0
-1614	25347.0	17565.0
-1613	25525.0	19215.0
-1612	25160.0	19693.0
-1611	24942.0	17578.0
-1610	25216.0	20034.0
-1609	25693.0	18472.0
-1608	25868.0	20911.0
-1607	25230.0	21251.0
-1606	26325.0	21054.0
-1605	27521.0	22186.0
-1604	26103.0	21919.0
-1603	26048.0	21353.0
-1602	25772.0	22940.0
-1601	27090.0	22118.0
-1600	26488.0	21131.0
-1599	26213.0	23059.0
-1598	25596.0	21070.0
-1597	26014.0	21522.0
-1596	25068.0	22268.0
-1595	23241.0	21149.0
-1594	23902.0	22494.0
-1593	23799.0	20423.0
-1592	24964.0	21564.0
-1591	25315.0	20896.0
-1590	25010.0	20508.0
-1589	28169.0	20396.0
-1588	26461.0	21212.0
-1587	26935.0	22270.0
-1586	29092.0	21502.0
-1585	27085.0	22755.0
-1584	26224.0	23479.0
-1583	25980.0	21734.0
-1582	27755.0	20961.0
-1581	24173.0	20836.0
-1580	25438.0	20184.0
-1579	25727.0	19969.0
-1578	26043.0	19893.0
-1577	26110.0	19682.0
-1576	24975.0	19681.0
-1575	26998.0	19243.0
-1574	24260.0	19687.0
-1573	26461.0	19509.0
-1572	26195.0	18844.0
-1571	25613.0	19204.0
-1570	26394.0	19727.0
-1569	25419.0	20311.0
-1568	24327.0	17986.0
-1567	25842.0	19286.0
-1566	24086.0	19976.0
-1565	25439.0	21192.0
-1564	26089.0	19141.0
-1563	24937.0	19038.0
-1562	26261.0	19891.0
-1561	25405.0	19206.0
-1560	25020.0	18692.0
-1559	25206.0	19567.0
-1558	25198.0	20056.0
-1557	25920.0	19395.0
-1556	26370.0	19652.0
-1555	25775.0	19617.0
-1554	26295.0	20669.0
-1553	25211.0	19085.0
-1552	25163.0	19223.0
-1551	24859.0	19415.0
-1550	25579.0	18610.0
-1549	23759.0	19824.0
-1548	24170.0	18441.0
-1547	24802.0	19427.0
-1546	23608.0	19994.0
-1545	25078.0	18074.0
-1544	25834.0	18212.0
-1543	25783.0	20026.0
-1542	26265.0	19297.0
-1541	24978.0	19538.0
-1540	26341.0	19731.0
-1539	25818.0	20824.0
-1538	26209.0	20558.0
-1537	26990.0	21838.0
-1536	26501.0	20653.0
-1535	26534.0	21835.0
-1534	25330.0	22176.0
-1533	24955.0	21964.0
-1532	26643.0	23558.0
-1531	24729.0	21473.0
-1530	25764.0	21960.0
-1529	25053.0	21414.0
-1528	24228.0	20349.0
-1527	23370.0	21396.0
-1526	23684.0	20872.0
-1525	23523.0	19623.0
-1524	23783.0	19705.0
-1523	23939.0	20267.0
-1522	27908.0	19922.0
-1521	25497.0	20403.0
-1520	27722.0	22281.0
-1519	26099.0	21644.0
-1518	26237.0	21415.0
-1517	27544.0	21850.0
-1516	26702.0	20930.0
-1515	28161.0	20491.0
-1514	25945.0	21089.0
-1513	27328.0	20517.0
-1512	27479.0	19304.0
-1511	28491.0	19298.0
-1510	29431.0	20189.0
-1509	28168.0	19483.0
-1508	27310.0	19802.0
-1507	28271.0	20301.0
-1506	26636.0	21187.0
-1505	27312.0	22096.0
-1504	28084.0	20274.0
-1503	27679.0	21395.0
-1502	27831.0	22863.0
-1501	27017.0	22597.0
-1500	27313.0	22605.0
-1499	28988.0	22133.0
-1498	28117.0	22165.0
-1497	29873.0	22672.0
-1496	27417.0	21617.0
-1495	30407.0	22613.0
-1494	28422.0	21673.0
-1493	29511.0	23467.0
-1492	30006.0	21558.0
-1491	29859.0	23663.0
-1490	30655.0	23489.0
-1489	29551.0	22384.0
-1488	29346.0	23596.0
-1487	30962.0	20975.0
-1486	29311.0	21799.0
-1485	30419.0	21800.0
-1484	29457.0	21032.0
-1483	28996.0	22310.0
-1482	30105.0	23587.0
-1481	30563.0	22912.0
-1480	28603.0	23121.0
-1479	31532.0	22823.0
-1478	28870.0	22860.0
-1477	31769.0	23701.0
-1476	30209.0	22661.0
-1475	31058.0	23113.0
-1474	32745.0	22608.0
-1473	34021.0	23414.0
-1472	32423.0	22861.0
-1471	32032.0	24258.0
-1470	33129.0	23974.0
-1469	34349.0	24078.0
-1468	35817.0	23629.0
-1467	35773.0	21718.0
-1466	33853.0	24103.0
-1465	32178.0	22436.0
-1464	32708.0	21873.0
-1463	32780.0	22832.0
-1462	31722.0	23256.0
-1461	31997.0	23466.0
-1460	30680.0	23163.0
-1459	32520.0	23353.0
-1458	32632.0	22924.0
-1457	29582.0	24560.0
-1456	32577.0	23251.0
-1455	30714.0	24127.0
-1454	29396.0	25095.0
-1453	30695.0	23141.0
-1452	31408.0	24253.0
-1451	29644.0	22494.0
-1450	30273.0	21758.0
-1449	30941.0	22271.0
-1448	29306.0	21058.0
-1447	29953.0	21842.0
-1446	27819.0	21610.0
-1445	29190.0	23903.0
-1444	29084.0	23569.0
-1443	28186.0	21844.0
-1442	28333.0	24429.0
-1441	28122.0	23547.0
-1440	28905.0	22508.0
-1439	29859.0	21863.0
-1438	28215.0	25723.0
-1437	28591.0	23407.0
-1436	28162.0	23323.0
-1435	29259.0	22983.0
-1434	28903.0	24720.0
-1433	30316.0	23579.0
-1432	29364.0	24714.0
-1431	30337.0	23841.0
-1430	28717.0	23285.0
-1429	28154.0	24114.0
-1428	28786.0	24108.0
-1427	27344.0	22800.0
-1426	28805.0	25184.0
-1425	28222.0	23802.0
-1424	29398.0	23252.0
-1423	27633.0	24212.0
-1422	27312.0	23261.0
-1421	27637.0	24274.0
-1420	29064.0	23768.0
-1419	28583.0	25245.0
-1418	28147.0	22508.0
-1417	28023.0	25640.0
-1416	29074.0	22892.0
-1415	27126.0	25893.0
-1414	28719.0	24951.0
-1413	28041.0	24591.0
-1412	28894.0	25579.0
-1411	28810.0	25708.0
-1410	30403.0	24393.0
-1409	29845.0	24853.0
-1408	28261.0	25344.0
-1407	31117.0	24614.0
-1406	30207.0	23863.0
-1405	29553.0	27209.0
-1404	32313.0	24837.0
-1403	32497.0	25483.0
-1402	29623.0	23464.0
-1401	31466.0	24994.0
-1400	29747.0	25263.0
-1399	30127.0	23045.0
-1398	32130.0	24110.0
-1397	30005.0	25032.0
-1396	30219.0	23045.0
-1395	29829.0	25885.0
-1394	30244.0	25124.0
-1393	30932.0	22793.0
-1392	29512.0	24877.0
-1391	30204.0	24645.0
-1390	29322.0	25521.0
-1389	29872.0	24265.0
-1388	29720.0	24079.0
-1387	28437.0	24132.0
-1386	28458.0	22671.0
-1385	31146.0	22502.0
-1384	28603.0	24572.0
-1383	30035.0	24965.0
-1382	30224.0	24673.0
-1381	29636.0	25922.0
-1380	29999.0	25308.0
-1379	29800.0	25974.0
-1378	30445.0	24542.0
-1377	30670.0	26296.0
-1376	29691.0	24145.0
-1375	31853.0	25182.0
-1374	30915.0	26614.0
-1373	30704.0	27062.0
-1372	30083.0	26825.0
-1371	30517.0	25691.0
-1370	31325.0	25611.0
-1369	30744.0	26936.0
-1368	33129.0	25789.0
-1367	30701.0	23904.0
-1366	31005.0	26570.0
-1365	32678.0	24946.0
-1364	30742.0	27136.0
-1363	32708.0	26368.0
-1362	29880.0	25232.0
-1361	30274.0	23732.0
-1360	30412.0	25123.0
-1359	28827.0	25464.0
-1358	30204.0	24544.0
-1357	29262.0	23389.0
-1356	29736.0	23169.0
-1355	31157.0	22943.0
-1354	31223.0	25080.0
-1353	30200.0	25528.0
-1352	30798.0	24375.0
-1351	31493.0	24299.0
-1350	33904.0	24768.0
-1349	29471.0	25046.0
-1348	29793.0	25163.0
-1347	30099.0	25775.0
-1346	30598.0	26610.0
-1345	31039.0	26442.0
-1344	31622.0	26244.0
-1343	32274.0	26256.0
-1342	31062.0	25283.0
-1341	30836.0	24320.0
-1340	32410.0	25745.0
-1339	31776.0	24752.0
-1338	32898.0	24653.0
-1337	33120.0	24565.0
-1336	30936.0	24233.0
-1335	32286.0	25877.0
-1334	33989.0	24987.0
-1333	30296.0	27411.0
-1332	32109.0	26239.0
-1331	32783.0	27822.0
-1330	31494.0	27126.0
-1329	32810.0	27773.0
-1328	32851.0	27196.0
-1327	30860.0	25827.0
-1326	32131.0	24946.0
-1325	32623.0	26559.0
-1324	32538.0	25539.0
-1323	32470.0	24986.0
-1322	33319.0	25994.0
-1321	31634.0	25601.0
-1320	33117.0	26212.0
-1319	33502.0	26466.0
-1318	33983.0	25387.0
-1317	33715.0	25792.0
-1316	35117.0	24318.0
-1315	34142.0	25737.0
-1314	34969.0	25632.0
-1313	35031.0	25699.0
-1312	34436.0	25343.0
-1311	34199.0	24259.0
-1310	34925.0	25445.0
-1309	35389.0	24333.0
-1308	36210.0	26877.0
-1307	36302.0	26669.0
-1306	35951.0	27134.0
-1305	34757.0	28482.0
-1304	33983.0	26885.0
-1303	34788.0	27296.0
-1302	35024.0	24800.0
-1301	34018.0	28555.0
-1300	35487.0	27964.0
-1299	34018.0	26970.0
-1298	34922.0	26623.0
-1297	34233.0	28018.0
-1296	33373.0	26529.0
-1295	33599.0	25842.0
-1294	34980.0	26023.0
-1293	34352.0	26432.0
-1292	33709.0	28481.0
-1291	34262.0	26985.0
-1290	32995.0	26087.0
-1289	35058.0	28329.0
-1288	35021.0	27836.0
-1287	34580.0	28401.0
-1286	32760.0	28007.0
-1285	35207.0	27968.0
-1284	33831.0	28519.0
-1283	35372.0	27330.0
-1282	35218.0	27758.0
-1281	36631.0	28364.0
-1280	35530.0	28869.0
-1279	36586.0	29242.0
-1278	34372.0	30262.0
-1277	35423.0	27743.0
-1276	33560.0	29230.0
-1275	34552.0	26696.0
-1274	34929.0	29630.0
-1273	34048.0	28770.0
-1272	35912.0	27597.0
-1271	34402.0	27843.0
-1270	34185.0	28635.0
-1269	36385.0	27561.0
-1268	35853.0	29099.0
-1267	35703.0	27250.0
-1266	35541.0	29506.0
-1265	34445.0	29705.0
-1264	34897.0	29794.0
-1263	34495.0	28487.0
-1262	34227.0	31458.0
-1261	33950.0	28106.0
-1260	34851.0	27962.0
-1259	36005.0	28756.0
-1258	35666.0	28915.0
-1257	36019.0	29020.0
-1256	37155.0	28138.0
-1255	36072.0	29103.0
-1254	35330.0	29148.0
-1253	38513.0	30080.0
-1252	38770.0	28251.0
-1251	37372.0	29586.0
-1250	37076.0	29054.0
-1249	37399.0	29675.0
-1248	38738.0	28631.0
-1247	35138.0	28291.0
-1246	38508.0	29747.0
-1245	37490.0	29179.0
-1244	37439.0	29321.0
-1243	39365.0	28993.0
-1242	37986.0	28938.0
-1241	40542.0	28207.0
-1240	40005.0	27307.0
-1239	40713.0	27371.0
-1238	39266.0	28049.0
-1237	40925.0	28096.0
-1236	39767.0	27628.0
-1235	40537.0	26625.0
-1234	39698.0	30065.0
-1233	40533.0	28401.0
-1232	40534.0	29655.0
-1231	40989.0	28604.0
-1230	40386.0	28411.0
-1229	37975.0	29774.0
-1228	38819.0	28097.0
-1227	39163.0	29343.0
-1226	37889.0	30767.0
-1225	40144.0	29090.0
-1224	40761.0	32998.0
-1223	37804.0	28223.0
-1222	39502.0	31583.0
-1221	37605.0	28930.0
-1220	37394.0	29814.0
-1219	37723.0	30831.0
-1218	36884.0	28863.0
-1217	39358.0	29750.0
-1216	38864.0	31624.0
-1215	39048.0	31176.0
-1214	36467.0	32315.0
-1213	37508.0	30365.0
-1212	34950.0	31296.0
-1211	35552.0	31256.0
-1210	36496.0	30816.0
-1209	36424.0	31732.0
-1208	34127.0	32892.0
-1207	36501.0	31553.0
-1206	34418.0	29924.0
-1205	34038.0	32055.0
-1204	34646.0	29946.0
-1203	33755.0	29614.0
-1202	35662.0	29514.0
-1201	37460.0	30575.0
-1200	35844.0	30655.0
-1199	36222.0	31122.0
-1198	38087.0	29519.0
-1197	36609.0	31806.0
-1196	35289.0	30405.0
-1195	35649.0	31427.0
-1194	35289.0	30210.0
-1193	36124.0	30694.0
-1192	34523.0	31325.0
-1191	35086.0	30844.0
-1190	36770.0	32304.0
-1189	36363.0	30012.0
-1188	37732.0	32353.0
-1187	37963.0	32416.0
-1186	37341.0	31429.0
-1185	37062.0	31008.0
-1184	37082.0	31330.0
-1183	37023.0	32536.0
-1182	37416.0	29876.0
-1181	38986.0	30788.0
-1180	37135.0	31090.0
-1179	37384.0	30580.0
-1178	36698.0	31054.0
-1177	37498.0	30454.0
-1176	36966.0	32371.0
-1175	36250.0	29675.0
-1174	36893.0	30683.0
-1173	39725.0	29142.0
-1172	38262.0	28833.0
-1171	38367.0	28359.0
-1170	38796.0	31117.0
-1169	39637.0	28070.0
-1168	38786.0	30622.0
-1167	38808.0	30905.0
-1166	40431.0	29811.0
-1165	38163.0	31770.0
-1164	39230.0	32639.0
-1163	38844.0	32027.0
-1162	39174.0	31771.0
-1161	39229.0	33724.0
-1160	39880.0	30699.0
-1159	38589.0	31194.0
-1158	39193.0	32471.0
-1157	39213.0	30317.0
-1156	40763.0	32869.0
-1155	40384.0	31719.0
-1154	40120.0	31182.0
-1153	41029.0	31568.0
-1152	40050.0	32515.0
-1151	40589.0	32937.0
-1150	38872.0	32815.0
-1149	39504.0	31594.0
-1148	39875.0	31752.0
-1147	37021.0	32291.0
-1146	39554.0	32088.0
-1145	40624.0	31440.0
-1144	39051.0	31834.0
-1143	39147.0	32649.0
-1142	41991.0	31984.0
-1141	40802.0	32806.0
-1140	40646.0	32925.0
-1139	40965.0	31116.0
-1138	40610.0	32686.0
-1137	40035.0	33044.0
-1136	42462.0	33331.0
-1135	40928.0	34540.0
-1134	42059.0	32500.0
-1133	41845.0	35678.0
-1132	41630.0	34508.0
-1131	41493.0	33421.0
-1130	42711.0	34380.0
-1129	39131.0	31281.0
-1128	41927.0	34536.0
-1127	40196.0	32582.0
-1126	39545.0	32527.0
-1125	39180.0	31610.0
-1124	41219.0	32742.0
-1123	42030.0	32877.0
-1122	43113.0	32558.0
-1121	42213.0	33269.0
-1120	40195.0	33520.0
-1119	41356.0	34007.0
-1118	41100.0	32072.0
-1117	39455.0	34125.0
-1116	41241.0	33604.0
-1115	42659.0	33157.0
-1114	42773.0	34585.0
-1113	39477.0	33459.0
-1112	38901.0	33876.0
-1111	39926.0	33922.0
-1110	39736.0	32971.0
-1109	40372.0	32745.0
-1108	39192.0	33151.0
-1107	40230.0	32184.0
-1106	38935.0	31082.0
-1105	40291.0	31383.0
-1104	41369.0	31909.0
-1103	41737.0	33435.0
-1102	39832.0	31965.0
-1101	37874.0	33118.0
-1100	40867.0	33191.0
-1099	39925.0	31846.0
-1098	41282.0	32033.0
-1097	41245.0	32527.0
-1096	41668.0	31523.0
-1095	42492.0	31582.0
-1094	42046.0	32243.0
-1093	41191.0	32837.0
-1092	40733.0	32742.0
-1091	40825.0	32781.0
-1090	41658.0	32709.0
-1089	40194.0	34398.0
-1088	39981.0	33461.0
-1087	41541.0	34838.0
-1086	40652.0	35811.0
-1085	40400.0	32243.0
-1084	41219.0	33995.0
-1083	39167.0	35660.0
-1082	40968.0	36006.0
-1081	41704.0	33606.0
-1080	39450.0	33790.0
-1079	39831.0	35186.0
-1078	39975.0	35052.0
-1077	38692.0	33484.0
-1076	39003.0	34673.0
-1075	39258.0	32040.0
-1074	39958.0	35679.0
-1073	38428.0	35300.0
-1072	39981.0	35094.0
-1071	38432.0	35149.0
-1070	38373.0	36444.0
-1069	41937.0	35528.0
-1068	39724.0	35482.0
-1067	41983.0	37050.0
-1066	40277.0	33512.0
-1065	41733.0	35986.0
-1064	39210.0	35165.0
-1063	42413.0	36350.0
-1062	39508.0	35707.0
-1061	41330.0	34944.0
-1060	38311.0	36811.0
-1059	39091.0	36076.0
-1058	41747.0	33455.0
-1057	40990.0	35483.0
-1056	40761.0	35576.0
-1055	43216.0	36704.0
-1054	41072.0	38612.0
-1053	41892.0	36893.0
-1052	41210.0	36116.0
-1051	40914.0	37362.0
-1050	42548.0	34688.0
-1049	40961.0	36846.0
-1048	40451.0	36221.0
-1047	43884.0	35999.0
-1046	41318.0	35608.0
-1045	43671.0	34421.0
-1044	41654.0	35202.0
-1043	42361.0	35236.0
-1042	42340.0	33007.0
-1041	40490.0	36333.0
-1040	43671.0	36411.0
-1039	43276.0	36546.0
-1038	42788.0	37270.0
-1037	43183.0	38315.0
-1036	45641.0	37708.0
-1035	44463.0	38499.0
-1034	41964.0	35590.0
-1033	44700.0	37171.0
-1032	43415.0	36841.0
-1031	44710.0	36291.0
-1030	45037.0	38996.0
-1029	43549.0	37135.0
-1028	45249.0	36943.0
-1027	46907.0	38020.0
-1026	45119.0	36549.0
-1025	46937.0	35892.0
-1024	44363.0	34396.0
-1023	45761.0	35812.0
-1022	44893.0	34219.0
-1021	45309.0	35614.0
-1020	44527.0	35411.0
-1019	44625.0	37246.0
-1018	43997.0	36367.0
-1017	43048.0	35227.0
-1016	43816.0	35521.0
-1015	43819.0	36389.0
-1014	45558.0	36805.0
-1013	44058.0	36452.0
-1012	43722.0	36148.0
-1011	44827.0	37852.0
-1010	43430.0	37707.0
-1009	44555.0	38582.0
-1008	43212.0	36217.0
-1007	43585.0	37718.0
-1006	45699.0	39411.0
-1005	45005.0	37586.0
-1004	44099.0	38540.0
-1003	43824.0	39616.0
-1002	42913.0	37900.0
-1001	43138.0	38646.0
-1000	42850.0	39556.0
-999	44107.0	40262.0
-998	42768.0	36704.0
-997	44574.0	37566.0
-996	43424.0	37391.0
-995	45248.0	38031.0
-994	44481.0	37384.0
-993	43140.0	36858.0
-992	41567.0	38235.0
-991	45245.0	37281.0
-990	43770.0	38502.0
-989	42195.0	37551.0
-988	44498.0	38184.0
-987	43432.0	36919.0
-986	42304.0	37821.0
-985	44151.0	39279.0
-984	41476.0	40117.0
-983	43110.0	38130.0
-982	42859.0	39672.0
-981	43080.0	41212.0
-980	42835.0	41148.0
-979	42432.0	40064.0
-978	41356.0	42614.0
-977	43722.0	41083.0
-976	43521.0	41985.0
-975	46093.0	42340.0
-974	45522.0	41551.0
-973	45795.0	41079.0
-972	44131.0	41271.0
-971	47420.0	39524.0
-970	46236.0	43013.0
-969	45990.0	41825.0
-968	46775.0	44016.0
-967	46883.0	40459.0
-966	46351.0	39356.0
-965	47281.0	41626.0
-964	48711.0	40456.0
-963	45815.0	41238.0
-962	47091.0	39248.0
-961	49888.0	40985.0
-960	45829.0	39167.0
-959	46113.0	40335.0
-958	48982.0	40646.0
-957	47907.0	42954.0
-956	48314.0	41352.0
-955	49221.0	39595.0
-954	49770.0	42515.0
-953	47767.0	39606.0
-952	49406.0	41193.0
-951	47136.0	40448.0
-950	47335.0	42510.0
-949	46720.0	41448.0
-948	46758.0	41832.0
-947	47441.0	42041.0
-946	49066.0	41318.0
-945	48971.0	39750.0
-944	50512.0	41765.0
-943	48905.0	40702.0
-942	49673.0	42124.0
-941	50097.0	40580.0
-940	49685.0	42121.0
-939	49088.0	40210.0
-938	48834.0	40954.0
-937	48132.0	41898.0
-936	48566.0	42465.0
-935	49843.0	41077.0
-934	49705.0	42716.0
-933	50130.0	40793.0
-932	49893.0	42184.0
-931	50988.0	43427.0
-930	50280.0	43128.0
-929	49475.0	43013.0
-928	50549.0	42619.0
-927	50549.0	43530.0
-926	49848.0	42564.0
-925	51926.0	45304.0
-924	50983.0	44924.0
-923	49735.0	43706.0
-922	51781.0	46002.0
-921	49315.0	46629.0
-920	50678.0	46648.0
-919	51770.0	45404.0
-918	50287.0	46752.0
-917	51427.0	46151.0
-916	53994.0	47567.0
-915	50913.0	49385.0
-914	53117.0	46946.0
-913	53931.0	48718.0
-912	56106.0	49989.0
-911	56808.0	48780.0
-910	53216.0	50782.0
-909	53963.0	49726.0
-908	53706.0	48043.0
-907	51666.0	50046.0
-906	51967.0	49652.0
-905	52358.0	49622.0
-904	50399.0	52672.0
-903	51677.0	49845.0
-902	52044.0	50065.0
-901	51808.0	53859.0
-900	52288.0	49815.0
-899	53467.0	50351.0
-898	50472.0	49265.0
-897	54510.0	48138.0
-896	53831.0	49765.0
-895	53967.0	47141.0
-894	53692.0	51359.0
-893	51655.0	48653.0
-892	51740.0	48758.0
-891	52946.0	50067.0
-890	52788.0	49033.0
-889	50436.0	49421.0
-888	53451.0	47546.0
-887	53129.0	48509.0
-886	50079.0	47407.0
-885	51222.0	44389.0
-884	51971.0	48993.0
-883	53181.0	45257.0
-882	52319.0	47557.0
-881	53212.0	47673.0
-880	53843.0	47929.0
-879	53515.0	46305.0
-878	51108.0	48054.0
-877	50308.0	48076.0
-876	51019.0	46257.0
-875	51588.0	46451.0
-874	51187.0	48110.0
-873	51463.0	48213.0
-872	50454.0	47965.0
-871	48969.0	50181.0
-870	50381.0	48721.0
-869	48165.0	50340.0
-868	51235.0	49754.0
-867	49457.0	48264.0
-866	50373.0	48704.0
-865	50913.0	48746.0
-864	51529.0	49353.0
-863	53974.0	51240.0
-862	53037.0	50766.0
-861	54191.0	49783.0
-860	53880.0	51678.0
-859	52929.0	53487.0
-858	53401.0	51841.0
-857	53449.0	52125.0
-856	53836.0	53349.0
-855	53061.0	50664.0
-854	54975.0	50627.0
-853	58345.0	51129.0
-852	54388.0	49432.0
-851	55407.0	51708.0
-850	53953.0	55874.0
-849	54252.0	53044.0
-848	54834.0	52839.0
-847	57017.0	54870.0
-846	54362.0	53316.0
-845	53899.0	53500.0
-844	55431.0	53918.0
-843	54862.0	53933.0
-842	54958.0	55259.0
-841	57603.0	52979.0
-840	56940.0	55359.0
-839	52395.0	53391.0
-838	54863.0	52714.0
-837	53901.0	55230.0
-836	54112.0	55317.0
-835	54348.0	55699.0
-834	51507.0	55755.0
-833	55370.0	56106.0
-832	52906.0	55047.0
-831	53244.0	54358.0
-830	53456.0	57205.0
-829	50756.0	53612.0
-828	53359.0	53550.0
-827	53537.0	55046.0
-826	53742.0	53324.0
-825	53100.0	53389.0
-824	56420.0	53410.0
-823	54993.0	55358.0
-822	55468.0	54550.0
-821	56111.0	56564.0
-820	53722.0	55574.0
-819	55858.0	54802.0
-818	53487.0	55301.0
-817	56030.0	56454.0
-816	56429.0	56666.0
-815	55868.0	56196.0
-814	56630.0	56295.0
-813	54778.0	55622.0
-812	57879.0	56635.0
-811	55554.0	54985.0
-810	56751.0	54553.0
-809	55489.0	55841.0
-808	58346.0	55228.0
-807	55947.0	54709.0
-806	57510.0	57600.0
-805	62643.0	57558.0
-804	55857.0	56761.0
-803	59320.0	56935.0
-802	58609.0	58334.0
-801	58539.0	53972.0
-800	59589.0	53853.0
-799	58274.0	56899.0
-798	60555.0	55038.0
-797	56234.0	53096.0
-796	57339.0	56032.0
-795	59008.0	56600.0
-794	60067.0	58617.0
-793	58307.0	55821.0
-792	58599.0	55672.0
-791	58416.0	57515.0
-790	56098.0	57065.0
-789	59094.0	54075.0
-788	58221.0	56598.0
-787	56868.0	56222.0
-786	57167.0	57214.0
-785	57143.0	57105.0
-784	60145.0	56842.0
-783	56892.0	57917.0
-782	56499.0	55371.0
-781	58869.0	56775.0
-780	57714.0	56656.0
-779	59634.0	56725.0
-778	58079.0	59231.0
-777	60286.0	55934.0
-776	57325.0	57915.0
-775	60149.0	56286.0
-774	59510.0	57805.0
-773	59134.0	55938.0
-772	59178.0	57341.0
-771	58385.0	57266.0
-770	60036.0	56908.0
-769	56902.0	58314.0
-768	59873.0	59229.0
-767	58962.0	58235.0
-766	58024.0	61730.0
-765	58528.0	59585.0
-764	56670.0	62499.0
-763	56329.0	62879.0
-762	56619.0	59810.0
-761	57590.0	62694.0
-760	56663.0	60686.0
-759	57257.0	61602.0
-758	58135.0	62384.0
-757	58082.0	62368.0
-756	56746.0	64427.0
-755	58737.0	62873.0
-754	56627.0	62476.0
-753	58001.0	62116.0
-752	57525.0	65259.0
-751	58125.0	63391.0
-750	57102.0	62292.0
-749	56820.0	62092.0
-748	56584.0	65287.0
-747	57882.0	61967.0
-746	57408.0	62198.0
-745	57175.0	63341.0
-744	55558.0	64708.0
-743	56860.0	62773.0
-742	59229.0	65025.0
-741	59699.0	63254.0
-740	58283.0	64180.0
-739	62395.0	62402.0
-738	60426.0	63873.0
-737	60303.0	64358.0
-736	60957.0	64584.0
-735	60936.0	64039.0
-734	60380.0	66810.0
-733	60889.0	66357.0
-732	58463.0	67770.0
-731	61784.0	66402.0
-730	60305.0	67851.0
-729	59690.0	67081.0
-728	61238.0	64082.0
-727	61529.0	66487.0
-726	59037.0	68836.0
-725	61813.0	65740.0
-724	62832.0	67461.0
-723	61102.0	70943.0
-722	61676.0	67131.0
-721	63016.0	69027.0
-720	59691.0	69508.0
-719	59518.0	66436.0
-718	59567.0	68903.0
-717	59617.0	67913.0
-716	60761.0	67535.0
-715	60430.0	67283.0
-714	59984.0	68894.0
-713	64732.0	69912.0
-712	63738.0	67592.0
-711	61097.0	67666.0
-710	63832.0	70370.0
-709	60066.0	69895.0
-708	61796.0	68446.0
-707	61101.0	70424.0
-706	62041.0	69309.0
-705	61289.0	71556.0
-704	60829.0	69147.0
-703	64894.0	69511.0
-702	62101.0	72442.0
-701	63351.0	68709.0
-700	60668.0	68916.0
-699	64915.0	68872.0
-698	63606.0	69466.0
-697	64090.0	68627.0
-696	63306.0	69851.0
-695	63398.0	71699.0
-694	66412.0	71376.0
-693	63760.0	69855.0
-692	63270.0	74378.0
-691	65494.0	73328.0
-690	66444.0	73014.0
-689	67146.0	74553.0
-688	63918.0	70744.0
-687	67344.0	72878.0
-686	67015.0	69931.0
-685	66034.0	70811.0
-684	66424.0	71953.0
-683	65735.0	72720.0
-682	66429.0	73670.0
-681	64333.0	70499.0
-680	68164.0	72494.0
-679	64285.0	70918.0
-678	64575.0	72174.0
-677	64864.0	70156.0
-676	64767.0	73779.0
-675	65604.0	73402.0
-674	64564.0	75013.0
-673	66319.0	74613.0
-672	66247.0	75337.0
-671	66182.0	75059.0
-670	66922.0	76318.0
-669	65815.0	73610.0
-668	67789.0	73373.0
-667	66611.0	75262.0
-666	63974.0	75309.0
-665	64109.0	75394.0
-664	64489.0	74300.0
-663	64880.0	76261.0
-662	64603.0	74296.0
-661	65679.0	75462.0
-660	63549.0	76152.0
-659	62771.0	77350.0
-658	63308.0	78013.0
-657	65376.0	75044.0
-656	65930.0	75102.0
-655	65773.0	74179.0
-654	64843.0	72388.0
-653	64167.0	76124.0
-652	66064.0	75337.0
-651	64207.0	75524.0
-650	66776.0	75705.0
-649	65495.0	75107.0
-648	63431.0	75946.0
-647	66405.0	74031.0
-646	64080.0	77123.0
-645	67323.0	75617.0
-644	67159.0	79269.0
-643	64775.0	77464.0
-642	64672.0	80127.0
-641	64716.0	78034.0
-640	62826.0	80758.0
-639	65925.0	79418.0
-638	64038.0	79449.0
-637	66143.0	83087.0
-636	65604.0	80511.0
-635	66743.0	82493.0
-634	66630.0	81128.0
-633	64573.0	82629.0
-632	64761.0	79583.0
-631	64662.0	83669.0
-630	63943.0	83157.0
-629	65879.0	81510.0
-628	61797.0	83313.0
-627	63081.0	80265.0
-626	63779.0	84133.0
-625	64246.0	81755.0
-624	65914.0	78045.0
-623	66523.0	80477.0
-622	68004.0	80698.0
-621	65073.0	84972.0
-620	68282.0	81610.0
-619	67951.0	78832.0
-618	66567.0	80241.0
-617	67471.0	81402.0
-616	67628.0	82960.0
-615	68347.0	82947.0
-614	66921.0	82613.0
-613	66522.0	85532.0
-612	65442.0	83478.0
-611	69995.0	87896.0
-610	70337.0	87876.0
-609	67927.0	85659.0
-608	70185.0	85443.0
-607	70963.0	85097.0
-606	68565.0	87274.0
-605	70228.0	85125.0
-604	69747.0	85356.0
-603	72660.0	86488.0
-602	72648.0	87860.0
-601	71864.0	88489.0
-600	71202.0	91021.0
-599	73078.0	91870.0
-598	71921.0	89009.0
-597	72057.0	91647.0
-596	71048.0	89828.0
-595	71941.0	90920.0
-594	70495.0	90584.0
-593	68541.0	89141.0
-592	71562.0	88320.0
-591	73544.0	92059.0
-590	70798.0	89652.0
-589	69801.0	89352.0
-588	70307.0	89437.0
-587	74639.0	89578.0
-586	70885.0	92329.0
-585	70345.0	90029.0
-584	69100.0	89607.0
-583	73553.0	90691.0
-582	70113.0	92472.0
-581	71124.0	88992.0
-580	71372.0	94091.0
-579	72461.0	90649.0
-578	68630.0	94976.0
-577	71680.0	92811.0
-576	71670.0	94558.0
-575	73337.0	92343.0
-574	72809.0	94417.0
-573	73313.0	96611.0
-572	72503.0	95215.0
-571	76410.0	99783.0
-570	73581.0	99212.0
-569	71642.0	99870.0
-568	74216.0	97936.0
-567	75097.0	98438.0
-566	71935.0	100193.0
-565	75567.0	99313.0
-564	74714.0	99779.0
-563	75474.0	99690.0
-562	76464.0	99514.0
-561	74802.0	101369.0
-560	74810.0	102467.0
-559	74623.0	99038.0
-558	74267.0	100218.0
-557	74633.0	102358.0
-556	73534.0	101422.0
-555	74177.0	102360.0
-554	74957.0	103291.0
-553	73757.0	103580.0
-552	74680.0	102818.0
-551	74624.0	103721.0
-550	72494.0	102913.0
-549	74656.0	101017.0
-548	77000.0	102998.0
-547	73338.0	105877.0
-546	74923.0	107681.0
-545	70482.0	106789.0
-544	76308.0	105218.0
-543	70482.0	109597.0
-542	74419.0	109450.0
-541	75760.0	108126.0
-540	74871.0	107686.0
-539	73335.0	106076.0
-538	76005.0	107699.0
-537	74182.0	108342.0
-536	76440.0	107611.0
-535	75507.0	109371.0
-534	75382.0	111210.0
-533	74483.0	115824.0
-532	75022.0	113457.0
-531	74104.0	112605.0
-530	71611.0	113987.0
-529	74488.0	111993.0
-528	73601.0	115397.0
-527	72487.0	114881.0
-526	74168.0	114262.0
-525	73963.0	114167.0
-524	76829.0	113294.0
-523	75276.0	116058.0
-522	75302.0	112253.0
-521	75989.0	114944.0
-520	76859.0	113324.0
-519	76603.0	117780.0
-518	74584.0	113516.0
-517	78957.0	111931.0
-516	76655.0	115521.0
-515	76733.0	113825.0
-514	74499.0	116944.0
-513	74616.0	118107.0
-512	78256.0	115888.0
-511	79361.0	114452.0
-510	79443.0	117382.0
-509	77164.0	117317.0
-508	79040.0	118266.0
-507	79116.0	119038.0
-506	75731.0	117958.0
-505	77204.0	112136.0
-504	77569.0	115666.0
-503	76445.0	118046.0
-502	79752.0	112357.0
-501	77481.0	113822.0
-500	75424.0	114264.0
-499	79609.0	117180.0
-498	75193.0	117430.0
-497	76918.0	119538.0
-496	75644.0	119217.0
-495	74700.0	121237.0
-494	76040.0	117276.0
-493	75962.0	122841.0
-492	76096.0	119301.0
-491	77579.0	119305.0
-490	76885.0	117921.0
-489	79482.0	118294.0
-488	76533.0	119827.0
-487	77770.0	120011.0
-486	78006.0	116649.0
-485	76409.0	119941.0
-484	77540.0	123923.0
-483	77909.0	120748.0
-482	78570.0	125460.0
-481	80325.0	122280.0
-480	77183.0	122978.0
-479	77863.0	126616.0
-478	79472.0	127132.0
-477	79224.0	128288.0
-476	79419.0	129121.0
-475	78691.0	128279.0
-474	78808.0	132417.0
-473	79590.0	130168.0
-472	78291.0	131863.0
-471	79497.0	134256.0
-470	81376.0	133783.0
-469	78491.0	133137.0
-468	79427.0	134638.0
-467	81668.0	137272.0
-466	78951.0	133744.0
-465	80272.0	132451.0
-464	81172.0	138059.0
-463	82347.0	136547.0
-462	78871.0	135970.0
-461	81469.0	137801.0
-460	80963.0	136450.0
-459	81041.0	136596.0
-458	80551.0	135390.0
-457	77753.0	136026.0
-456	80415.0	134335.0
-455	77479.0	136096.0
-454	78524.0	138479.0
-453	82964.0	135943.0
-452	79538.0	140671.0
-451	80271.0	133418.0
-450	79868.0	138973.0
-449	80818.0	138334.0
-448	81048.0	135847.0
-447	82350.0	137150.0
-446	82238.0	139880.0
-445	83081.0	143832.0
-444	79869.0	145134.0
-443	81201.0	139246.0
-442	82411.0	147539.0
-441	82015.0	145574.0
-440	81342.0	142282.0
-439	80689.0	149951.0
-438	79603.0	147956.0
-437	81007.0	147666.0
-436	79273.0	147131.0
-435	81359.0	145507.0
-434	78011.0	145555.0
-433	79695.0	150143.0
-432	78261.0	150685.0
-431	78615.0	147915.0
-430	79947.0	151421.0
-429	80457.0	149074.0
-428	79564.0	155570.0
-427	79066.0	152798.0
-426	82232.0	152075.0
-425	79118.0	153795.0
-424	79822.0	156728.0
-423	78239.0	152190.0
-422	79993.0	155695.0
-421	78850.0	153930.0
-420	82357.0	153636.0
-419	79109.0	158184.0
-418	79252.0	158823.0
-417	79972.0	156608.0
-416	80637.0	157663.0
-415	80541.0	159959.0
-414	80291.0	164723.0
-413	80550.0	162081.0
-412	79872.0	161673.0
-411	80972.0	160937.0
-410	82389.0	170259.0
-409	82551.0	164598.0
-408	80719.0	171877.0
-407	83355.0	165454.0
-406	82314.0	173135.0
-405	82364.0	169398.0
-404	80200.0	168522.0
-403	84320.0	173251.0
-402	83801.0	171572.0
-401	81459.0	172219.0
-400	82637.0	169072.0
-399	80685.0	172656.0
-398	83322.0	171374.0
-397	84267.0	170655.0
-396	83489.0	173871.0
-395	82432.0	172995.0
-394	83612.0	173868.0
-393	84826.0	177115.0
-392	85978.0	173239.0
-391	83653.0	176880.0
-390	86081.0	182918.0
-389	83880.0	180694.0
-388	85048.0	188091.0
-387	81587.0	183773.0
-386	83090.0	187862.0
-385	84215.0	188977.0
-384	85174.0	186476.0
-383	86934.0	185147.0
-382	88734.0	182520.0
-381	90070.0	183649.0
-380	87193.0	184529.0
-379	87715.0	186191.0
-378	85622.0	186739.0
-377	85955.0	185009.0
-376	89986.0	184587.0
-375	85399.0	188286.0
-374	88836.0	184951.0
-373	87044.0	188548.0
-372	90081.0	187852.0
-371	86793.0	188055.0
-370	91883.0	189890.0
-369	91147.0	191101.0
-368	88182.0	192450.0
-367	89196.0	194983.0
-366	89816.0	192321.0
-365	94877.0	194779.0
-364	91080.0	196784.0
-363	89039.0	197829.0
-362	92500.0	197549.0
-361	93684.0	202656.0
-360	92941.0	198497.0
-359	94748.0	196372.0
-358	94857.0	203254.0
-357	95471.0	201068.0
-356	93516.0	202948.0
-355	94575.0	198958.0
-354	96626.0	200565.0
-353	95783.0	196708.0
-352	97592.0	197041.0
-351	99774.0	201424.0
-350	99950.0	203507.0
-349	100304.0	204094.0
-348	100447.0	205546.0
-347	97259.0	209317.0
-346	99220.0	207403.0
-345	98745.0	211570.0
-344	102686.0	212460.0
-343	102902.0	210665.0
-342	104080.0	212086.0
-341	104773.0	215096.0
-340	104808.0	213568.0
-339	101805.0	213334.0
-338	103065.0	214016.0
-337	103994.0	215469.0
-336	103593.0	221613.0
-335	101831.0	218680.0
-334	100555.0	216959.0
-333	101008.0	218799.0
-332	105330.0	220064.0
-331	101440.0	218292.0
-330	102452.0	221955.0
-329	102697.0	221666.0
-328	102596.0	222671.0
-327	102102.0	226119.0
-326	100046.0	219175.0
-325	103786.0	226307.0
-324	103340.0	228721.0
-323	101972.0	230683.0
-322	104095.0	229623.0
-321	102064.0	229389.0
-320	103573.0	231850.0
-319	103100.0	234733.0
-318	100605.0	231951.0
-317	101355.0	233350.0
-316	100135.0	231553.0
-315	101756.0	241316.0
-314	100089.0	239200.0
-313	101074.0	243216.0
-312	99554.0	237970.0
-311	102516.0	241965.0
-310	98901.0	238104.0
-309	98856.0	240147.0
-308	102039.0	238999.0
-307	102077.0	237898.0
-306	100703.0	243480.0
-305	101196.0	234037.0
-304	102328.0	246411.0
-303	101790.0	245051.0
-302	103479.0	236465.0
-301	104683.0	246979.0
-300	104858.0	241898.0
-299	104116.0	243231.0
-298	106775.0	246560.0
-297	106220.0	244973.0
-296	104477.0	249659.0
-295	103384.0	245782.0
-294	104513.0	249453.0
-293	105710.0	252070.0
-292	104807.0	250966.0
-291	107653.0	245857.0
-290	104186.0	253936.0
-289	107293.0	255147.0
-288	106748.0	256346.0
-287	105196.0	258261.0
-286	105674.0	262822.0
-285	109272.0	262713.0
-284	107310.0	260930.0
-283	107248.0	263474.0
-282	109169.0	262773.0
-281	104970.0	264288.0
-280	108092.0	263495.0
-279	107097.0	264358.0
-278	105654.0	268440.0
-277	108202.0	264426.0
-276	105385.0	266993.0
-275	106779.0	266426.0
-274	108469.0	265845.0
-273	108027.0	263498.0
-272	110448.0	270338.0
-271	107864.0	270924.0
-270	108169.0	272002.0
-269	110617.0	273020.0
-268	108896.0	281141.0
-267	106560.0	279991.0
-266	111296.0	279594.0
-265	112348.0	277967.0
-264	109220.0	285063.0
-263	113944.0	285276.0
-262	114655.0	279899.0
-261	113454.0	286777.0
-260	114100.0	285970.0
-259	111061.0	288846.0
-258	112467.0	286813.0
-257	115642.0	292677.0
-256	112154.0	293205.0
-255	114555.0	296015.0
-254	118869.0	295104.0
-253	115811.0	297390.0
-252	116842.0	295732.0
-251	114407.0	295502.0
-250	113075.0	301988.0
-249	112638.0	297945.0
-248	114677.0	302835.0
-247	112419.0	307650.0
-246	110077.0	302145.0
-245	111106.0	306344.0
-244	108492.0	304992.0
-243	110381.0	304978.0
-242	109611.0	300355.0
-241	111088.0	310895.0
-240	110751.0	307493.0
-239	109036.0	314671.0
-238	110133.0	313269.0
-237	109278.0	311314.0
-236	110287.0	316788.0
-235	112064.0	321144.0
-234	110191.0	318658.0
-233	110478.0	325758.0
-232	109726.0	319245.0
-231	114235.0	322049.0
-230	110225.0	319228.0
-229	113797.0	327608.0
-228	114622.0	328522.0
-227	113928.0	326619.0
-226	116411.0	335006.0
-225	110649.0	328761.0
-224	111475.0	325320.0
-223	111127.0	327927.0
-222	110700.0	335440.0
-221	108395.0	335443.0
-220	107640.0	340469.0
-219	109280.0	340159.0
-218	107145.0	346526.0
-217	109746.0	340057.0
-216	110011.0	348963.0
-215	110032.0	348977.0
-214	108887.0	345171.0
-213	108881.0	356410.0
-212	107856.0	349084.0
-211	106780.0	354141.0
-210	106612.0	362352.0
-209	107759.0	358944.0
-208	107482.0	359745.0
-207	106050.0	359339.0
-206	109846.0	365814.0
-205	110006.0	365958.0
-204	108507.0	368423.0
-203	107890.0	371168.0
-202	106892.0	366935.0
-201	108277.0	368495.0
-200	104923.0	375618.0
-199	105883.0	374244.0
-198	106332.0	382891.0
-197	106183.0	384421.0
-196	106649.0	384329.0
-195	106759.0	381885.0
-194	104868.0	392088.0
-193	107599.0	385879.0
-192	105489.0	389090.0
-191	103592.0	390265.0
-190	102636.0	391557.0
-189	102373.0	397110.0
-188	102703.0	398295.0
-187	102696.0	395503.0
-186	104260.0	400890.0
-185	104736.0	407994.0
-184	101487.0	407027.0
-183	105750.0	409832.0
-182	102391.0	409622.0
-181	102441.0	410910.0
-180	100702.0	415554.0
-179	102340.0	415496.0
-178	99969.0	416930.0
-177	105944.0	416226.0
-176	101521.0	416852.0
-175	103125.0	417701.0
-174	104910.0	424716.0
-173	103048.0	420016.0
-172	101398.0	425988.0
-171	104426.0	416701.0
-170	101777.0	430859.0
-169	103293.0	425626.0
-168	105675.0	424475.0
-167	103460.0	426801.0
-166	108067.0	427993.0
-165	103484.0	422708.0
-164	105173.0	436997.0
-163	106287.0	426260.0
-162	102388.0	438201.0
-161	105099.0	433717.0
-160	106295.0	435207.0
-159	107573.0	439044.0
-158	106757.0	435839.0
-157	113074.0	441811.0
-156	107388.0	436125.0
-155	109276.0	438829.0
-154	106697.0	432957.0
-153	109524.0	435113.0
-152	107125.0	438209.0
-151	110426.0	428186.0
-150	112757.0	425695.0
-149	110024.0	433286.0
-148	110467.0	433370.0
-147	113642.0	435008.0
-146	112026.0	435856.0
-145	117604.0	434178.0
-144	113631.0	431724.0
-143	114273.0	429538.0
-142	115820.0	432334.0
-141	117035.0	427321.0
-140	120731.0	444770.0
-139	118288.0	431311.0
-138	120386.0	443310.0
-137	121510.0	429268.0
-136	122737.0	435260.0
-135	121843.0	437180.0
-134	122045.0	428725.0
-133	123665.0	433539.0
-132	123032.0	419749.0
-131	124069.0	429641.0
-130	125994.0	426450.0
-129	130259.0	418883.0
-128	128627.0	429480.0
-127	132881.0	426950.0
-126	134451.0	424184.0
-125	133393.0	417166.0
-124	132427.0	417587.0
-123	136673.0	415837.0
-122	137340.0	407974.0
-121	141599.0	407969.0
-120	140499.0	410734.0
-119	144351.0	414503.0
-118	146278.0	406549.0
-117	148155.0	412372.0
-116	148221.0	405165.0
-115	152393.0	401085.0
-114	148785.0	396156.0
-113	153770.0	394939.0
-112	155003.0	385613.0
-111	155309.0	392882.0
-110	162527.0	390560.0
-109	160740.0	390697.0
-108	163271.0	399312.0
-107	165041.0	383779.0
-106	165647.0	384637.0
-105	170192.0	382263.0
-104	171928.0	371243.0
-103	178071.0	362891.0
-102	176525.0	359779.0
-101	180535.0	351437.0
-100	178682.0	348630.0
-99	179103.0	349126.0
-98	184727.0	346103.0
-97	184369.0	341418.0
-96	188171.0	334258.0
-95	192259.0	335681.0
-94	196305.0	325234.0
-93	200286.0	319718.0
-92	207047.0	313396.0
-91	210602.0	309649.0
-90	208826.0	303766.0
-89	212952.0	301371.0
-88	214249.0	296408.0
-87	215170.0	295003.0
-86	225046.0	288234.0
-85	222898.0	276706.0
-84	231399.0	280271.0
-83	237674.0	267446.0
-82	238514.0	262802.0
-81	246073.0	259536.0
-80	249312.0	260992.0
-79	252333.0	254878.0
-78	251611.0	251003.0
-77	256711.0	251919.0
-76	261161.0	236498.0
-75	276809.0	240238.0
-74	276833.0	232050.0
-73	285908.0	223471.0
-72	294747.0	220594.0
-71	296510.0	214495.0
-70	307105.0	211815.0
-69	310311.0	203975.0
-68	316224.0	204255.0
-67	326317.0	196988.0
-66	341312.0	192680.0
-65	355600.0	190928.0
-64	363052.0	184496.0
-63	377165.0	182971.0
-62	389334.0	174132.0
-61	398289.0	174445.0
-60	401923.0	170175.0
-59	403552.0	163891.0
-58	417264.0	162999.0
-57	416170.0	160648.0
-56	434401.0	156118.0
-55	442704.0	154498.0
-54	463976.0	151600.0
-53	480122.0	147974.0
-52	493658.0	140483.0
-51	515747.0	129553.0
-50	527778.0	123663.0
-49	534343.0	119651.0
-48	538277.0	114425.0
-47	540138.0	111361.0
-46	546666.0	106879.0
-45	549551.0	104173.0
-44	572705.0	99783.0
-43	596690.0	98122.0
-42	616095.0	91702.0
-41	651070.0	92064.0
-40	673281.0	86937.0
-39	684138.0	85332.0
-38	708586.0	87906.0
-37	730724.0	84092.0
-36	757003.0	85196.0
-35	798369.0	85129.0
-34	830172.0	80271.0
-33	861923.0	80753.0
-32	906430.0	80433.0
-31	955516.0	79979.0
-30	1021532.0	80449.0
-29	1038728.0	79816.0
-28	1082431.0	81129.0
-27	1097489.0	83994.0
-26	1066137.0	83336.0
-25	1026297.0	86059.0
-24	1053638.0	80502.0
-23	1075565.0	75941.0
-22	1141412.0	69400.0
-21	1210664.0	63478.0
-20	1215155.0	58807.0
-19	1235079.0	58417.0
-18	1299117.0	57564.0
-17	1253653.0	55807.0
-16	1310064.0	55741.0
-15	1319614.0	59169.0
-14	1410197.0	55731.0
-13	1456142.0	54894.0
-12	1587319.0	51007.0
-11	1664005.0	54530.0
-10	1780580.0	53881.0
-9	1826904.0	55023.0
-8	1867722.0	53532.0
-7	1954695.0	54010.0
-6	2115528.0	53629.0
-5	2182919.0	54064.0
-4	2416107.0	60599.0
-3	3140392.0	56364.0
-2	3346500.0	36671.0
-1	2687183.0	109163.0
0	10550951.0	20061.0
1	2828153.0	79127.0
2	3433734.0	79005.0
3	3260544.0	69694.0
4	2480886.0	78359.0
5	2236714.0	88109.0
6	2183695.0	80126.0
7	1972782.0	78833.0
8	1903444.0	81081.0
9	1835293.0	86167.0
10	1806308.0	83194.0
11	1687590.0	78846.0
12	1602524.0	70904.0
13	1494771.0	68609.0
14	1428267.0	69063.0
15	1353408.0	70789.0
16	1346973.0	73291.0
17	1297340.0	76577.0
18	1305336.0	69294.0
19	1261025.0	65700.0
20	1235437.0	65735.0
21	1228864.0	64946.0
22	1162519.0	65635.0
23	1097115.0	65265.0
24	1086928.0	63650.0
25	1059737.0	66764.0
26	1095811.0	68417.0
27	1137435.0	64511.0
28	1092382.0	58278.0
29	1072978.0	56468.0
30	1038859.0	55627.0
31	973213.0	53307.0
32	910198.0	52447.0
33	886206.0	53226.0
34	862084.0	54028.0
35	809239.0	52083.0
36	786417.0	54418.0
37	757348.0	55576.0
38	732337.0	55157.0
39	701259.0	56100.0
40	689683.0	53580.0
41	666969.0	54170.0
42	646311.0	52824.0
43	612998.0	54774.0
44	591667.0	53055.0
45	573161.0	56019.0
46	567724.0	53306.0
47	552654.0	50739.0
48	560952.0	50226.0
49	552663.0	49165.0
50	544392.0	49407.0
51	526657.0	47128.0
52	513742.0	49614.0
53	500267.0	50273.0
54	481791.0	52203.0
55	465091.0	53262.0
56	456016.0	57818.0
57	439809.0	60592.0
58	428283.0	61921.0
59	421438.0	60254.0
60	418046.0	61442.0
61	408761.0	59498.0
62	402116.0	57729.0
63	391872.0	56147.0
64	381136.0	55953.0
65	367887.0	57094.0
66	345427.0	58420.0
67	339263.0	57608.0
68	327513.0	59709.0
69	326675.0	58260.0
70	313512.0	58585.0
71	304564.0	56075.0
72	301017.0	57071.0
73	288012.0	56280.0
74	286110.0	55839.0
75	282001.0	55456.0
76	270966.0	54536.0
77	268575.0	52976.0
78	263284.0	53600.0
79	267274.0	53348.0
80	260163.0	52055.0
81	257533.0	52970.0
82	249029.0	51628.0
83	246809.0	51111.0
84	240793.0	52681.0
85	239124.0	51964.0
86	229690.0	53628.0
87	225512.0	54325.0
88	224798.0	53937.0
89	216081.0	52348.0
90	219516.0	53039.0
91	217206.0	52907.0
92	208646.0	52579.0
93	212696.0	52032.0
94	200364.0	54650.0
95	199073.0	52889.0
96	195637.0	54260.0
97	186529.0	52441.0
98	188553.0	53516.0
99	182998.0	52358.0
100	182648.0	53468.0
101	178949.0	52132.0
102	179089.0	52764.0
103	174968.0	52755.0
104	171590.0	53727.0
105	170644.0	54057.0
106	168425.0	54373.0
107	168396.0	54048.0
108	161384.0	56220.0
109	159444.0	52390.0
110	156435.0	55644.0
111	158056.0	54935.0
112	149393.0	55888.0
113	149197.0	54515.0
114	152557.0	56588.0
115	148782.0	55475.0
116	145721.0	56373.0
117	148153.0	54515.0
118	141124.0	57973.0
119	139601.0	57326.0
120	141297.0	58293.0
121	136013.0	57592.0
122	137799.0	55246.0
123	137654.0	58765.0
124	137273.0	57076.0
125	133411.0	58370.0
126	134798.0	56795.0
127	128141.0	58045.0
128	130389.0	57324.0
129	129371.0	57288.0
130	127432.0	60184.0
131	126166.0	59657.0
132	125851.0	58910.0
133	123562.0	59871.0
134	122014.0	61151.0
135	123868.0	59956.0
136	123063.0	62727.0
137	120679.0	61257.0
138	122187.0	61185.0
139	122516.0	61754.0
140	119057.0	62196.0
141	117783.0	64525.0
142	119090.0	64088.0
143	117932.0	66181.0
144	115166.0	64667.0
145	113304.0	66543.0
146	114761.0	67261.0
147	112673.0	65394.0
148	111604.0	67074.0
149	109966.0	67029.0
150	112863.0	66454.0
151	110257.0	70582.0
152	108737.0	71156.0
153	106857.0	72079.0
154	109891.0	72620.0
155	107629.0	72029.0
156	110228.0	71599.0
157	104883.0	71918.0
158	109771.0	71164.0
159	106275.0	72889.0
160	103290.0	75292.0
161	100780.0	75381.0
162	104399.0	78218.0
163	102276.0	75195.0
164	105149.0	79280.0
165	104326.0	75638.0
166	103171.0	78466.0
167	102071.0	79483.0
168	104295.0	77704.0
169	102818.0	78111.0
170	101005.0	81084.0
171	101244.0	80086.0
172	97865.0	82849.0
173	104308.0	83463.0
174	101737.0	83041.0
175	99096.0	86504.0
176	100062.0	86309.0
177	102936.0	83106.0
178	100933.0	88694.0
179	101523.0	90217.0
180	101383.0	87751.0
181	100643.0	89656.0
182	101285.0	91425.0
183	102133.0	91483.0
184	103813.0	90835.0
185	104839.0	95862.0
186	100155.0	90566.0
187	103711.0	92973.0
188	99950.0	96411.0
189	102795.0	97471.0
190	100590.0	99684.0
191	99803.0	98928.0
192	99827.0	101215.0
193	97476.0	99896.0
194	99800.0	103037.0
195	98086.0	102372.0
196	103319.0	101253.0
197	99567.0	102123.0
198	99526.0	101722.0
199	97377.0	103233.0
200	99629.0	105391.0
201	100249.0	102433.0
202	98840.0	105934.0
203	101729.0	107838.0
204	101419.0	110394.0
205	103235.0	106501.0
206	102609.0	107445.0
207	103319.0	108803.0
208	102248.0	110826.0
209	103147.0	111095.0
210	103521.0	113948.0
211	102052.0	117794.0
212	102104.0	117916.0
213	103200.0	120294.0
214	100789.0	120193.0
215	101844.0	119652.0
216	103424.0	119459.0
217	101309.0	120429.0
218	100247.0	119923.0
219	99842.0	123268.0
220	101995.0	122468.0
221	102238.0	122641.0
222	101507.0	127851.0
223	103161.0	127495.0
224	102661.0	128077.0
225	101154.0	129897.0
226	99718.0	127122.0
227	99533.0	123583.0
228	100434.0	125632.0
229	96746.0	126227.0
230	102044.0	127875.0
231	99786.0	129392.0
232	102574.0	126941.0
233	102770.0	130116.0
234	101446.0	125948.0
235	100801.0	128176.0
236	101885.0	126989.0
237	102564.0	122794.0
238	101370.0	124062.0
239	101865.0	124700.0
240	103066.0	126830.0
241	101775.0	132332.0
242	101439.0	124384.0
243	99696.0	126772.0
244	100220.0	127952.0
245	98112.0	123057.0
246	102982.0	122991.0
247	99441.0	124446.0
248	99079.0	118894.0
249	97346.0	118812.0
250	100261.0	124807.0
251	98695.0	122393.0
252	100065.0	123262.0
253	98850.0	122569.0
254	98758.0	123630.0
255	100606.0	116058.0
256	96835.0	117790.0
257	97980.0	111939.0
258	97424.0	108760.0
259	95341.0	108121.0
260	97049.0	109527.0
261	97913.0	110627.0
262	100096.0	107554.0
263	99941.0	111135.0
264	98550.0	105766.0
265	101489.0	103403.0
266	99802.0	106527.0
267	101311.0	100794.0
268	102493.0	102765.0
269	101427.0	100527.0
270	104035.0	100108.0
271	102151.0	102560.0
272	100414.0	101594.0
273	103683.0	97744.0
274	102117.0	100364.0
275	102388.0	98941.0
276	100273.0	96144.0
277	99652.0	98021.0
278	101328.0	97468.0
279	98498.0	94354.0
280	103361.0	97757.0
281	101444.0	95503.0
282	100746.0	93888.0
283	100432.0	96038.0
284	100849.0	93145.0
285	101813.0	90629.0
286	98364.0	92050.0
287	101025.0	91258.0
288	103404.0	88436.0
289	102014.0	90835.0
290	103649.0	90774.0
291	103069.0	88846.0
292	100738.0	89401.0
293	101818.0	90436.0
294	101722.0	88132.0
295	102576.0	88853.0
296	100333.0	89845.0
297	104450.0	85409.0
298	102070.0	89193.0
299	101323.0	89485.0
300	103687.0	88027.0
301	103029.0	88153.0
302	99527.0	89789.0
303	106602.0	89106.0
304	99518.0	93327.0
305	101593.0	88898.0
306	100086.0	88070.0
307	101345.0	89482.0
308	101901.0	88991.0
309	99875.0	90515.0
310	97712.0	90434.0
311	97681.0	91168.0
312	99236.0	91298.0
313	96657.0	90336.0
314	96901.0	93198.0
315	97915.0	90311.0
316	100457.0	93918.0
317	98631.0	90336.0
318	98570.0	88586.0
319	100872.0	91225.0
320	99698.0	88307.0
321	99996.0	91440.0
322	98227.0	95795.0
323	98415.0	96643.0
324	101852.0	95533.0
325	105878.0	98997.0
326	98932.0	96089.0
327	101592.0	97109.0
328	102757.0	99036.0
329	100099.0	97562.0
330	100831.0	99474.0
331	100771.0	96283.0
332	95723.0	98112.0
333	96704.0	95035.0
334	98412.0	101322.0
335	97899.0	100378.0
336	98589.0	97481.0
337	96421.0	100807.0
338	100260.0	100215.0
339	96797.0	99399.0
340	94118.0	99926.0
341	94808.0	102238.0
342	92806.0	98388.0
343	95088.0	103496.0
344	93807.0	102970.0
345	95218.0	101768.0
346	94152.0	100234.0
347	95974.0	103100.0
348	97164.0	103830.0
349	98503.0	103659.0
350	99931.0	102704.0
351	97340.0	107557.0
352	97812.0	104072.0
353	95549.0	107202.0
354	97719.0	106175.0
355	95322.0	109482.0
356	95044.0	108774.0
357	95940.0	106046.0
358	97493.0	111154.0
359	99011.0	108385.0
360	98410.0	110577.0
361	96401.0	103300.0
362	95098.0	106382.0
363	98311.0	107006.0
364	93476.0	108077.0
365	91833.0	106781.0
366	94442.0	105735.0
367	90973.0	107021.0
368	93557.0	108181.0
369	93287.0	105500.0
370	87325.0	107182.0
371	91475.0	107642.0
372	94030.0	106041.0
373	90290.0	110960.0
374	92158.0	111098.0
375	92633.0	110634.0
376	94762.0	109465.0
377	89154.0	108449.0
378	91827.0	110325.0
379	92719.0	108053.0
380	93286.0	112007.0
381	97780.0	110588.0
382	96255.0	110229.0
383	93203.0	111050.0
384	93768.0	111867.0
385	97417.0	112334.0
386	95001.0	113437.0
387	94323.0	116732.0
388	95688.0	108048.0
389	94480.0	110905.0
390	94227.0	115263.0
391	92618.0	110374.0
392	91656.0	110834.0
393	91124.0	113772.0
394	89999.0	116254.0
395	90650.0	112163.0
396	89061.0	115830.0
397	93209.0	115010.0
398	89260.0	114308.0
399	87984.0	111167.0
400	92487.0	112288.0
401	89110.0	110812.0
402	92574.0	114908.0
403	94878.0	113048.0
404	88058.0	113652.0
405	91910.0	113978.0
406	91766.0	111553.0
407	87446.0	113714.0
408	90133.0	111829.0
409	88642.0	112481.0
410	89767.0	110976.0
411	89718.0	115489.0
412	91701.0	115803.0
413	90324.0	113511.0
414	87704.0	115304.0
415	89028.0	117428.0
416	89920.0	117320.0
417	90689.0	118090.0
418	91307.0	114013.0
419	89415.0	118573.0
420	89176.0	117379.0
421	86987.0	115337.0
422	87175.0	117570.0
423	87597.0	119145.0
424	86435.0	115519.0
425	86314.0	118220.0
426	87170.0	117750.0
427	85375.0	117172.0
428	85684.0	117165.0
429	86648.0	116568.0
430	87358.0	113425.0
431	82800.0	115784.0
432	83047.0	114316.0
433	86709.0	111424.0
434	81165.0	115275.0
435	82810.0	113499.0
436	82854.0	113376.0
437	82280.0	113420.0
438	80414.0	113603.0
439	82148.0	112534.0
440	80829.0	108383.0
441	82582.0	112201.0
442	81900.0	109831.0
443	81341.0	110435.0
444	83508.0	110020.0
445	82562.0	108540.0
446	82376.0	108716.0
447	83380.0	110212.0
448	83024.0	110116.0
449	80839.0	112715.0
450	78166.0	111368.0
451	81376.0	109209.0
452	79855.0	109954.0
453	79418.0	109801.0
454	82803.0	108848.0
455	82050.0	108241.0
456	80861.0	108361.0
457	81174.0	106039.0
458	81661.0	104471.0
459	83000.0	105551.0
460	81196.0	106072.0
461	79972.0	111781.0
462	82897.0	103489.0
463	84055.0	105131.0
464	81841.0	103994.0
465	81829.0	105170.0
466	78307.0	99184.0
467	80404.0	103829.0
468	81748.0	98466.0
469	80354.0	99856.0
470	81766.0	100668.0
471	80917.0	100091.0
472	80052.0	104115.0
473	78393.0	98156.0
474	77004.0	101382.0
475	79119.0	100674.0
476	80061.0	101638.0
477	78251.0	101845.0
478	78621.0	95909.0
479	76694.0	97970.0
480	78337.0	98645.0
481	77856.0	96253.0
482	78373.0	96168.0
483	79554.0	99718.0
484	77701.0	98350.0
485	80105.0	96567.0
486	76874.0	99295.0
487	79665.0	101315.0
488	77720.0	100741.0
489	77628.0	100479.0
490	76385.0	98064.0
491	76365.0	98052.0
492	75652.0	95072.0
493	76418.0	98518.0
494	76066.0	91384.0
495	75006.0	94438.0
496	79096.0	92408.0
497	77647.0	91548.0
498	77206.0	94010.0
499	76088.0	91300.0
500	79450.0	92171.0
501	76901.0	90550.0
502	78750.0	92912.0
503	76414.0	95588.0
504	76255.0	91543.0
505	78668.0	94446.0
506	76652.0	91088.0
507	72703.0	94979.0
508	73819.0	94460.0
509	72477.0	95489.0
510	74588.0	93503.0
511	74816.0	93476.0
512	74181.0	93870.0
513	74625.0	92700.0
514	75362.0	92823.0
515	75340.0	92376.0
516	77009.0	87917.0
517	71413.0	92141.0
518	74211.0	91718.0
519	75702.0	94077.0
520	72841.0	91954.0
521	74753.0	93567.0
522	73436.0	92713.0
523	72012.0	92806.0
524	72980.0	91449.0
525	72449.0	92281.0
526	72883.0	91323.0
527	74553.0	92993.0
528	70172.0	90864.0
529	72859.0	88252.0
530	74253.0	90984.0
531	72546.0	90114.0
532	75002.0	93001.0
533	75514.0	88589.0
534	73654.0	89922.0
535	75039.0	90162.0
536	73241.0	89580.0
537	74425.0	91014.0
538	74397.0	90393.0
539	73312.0	93023.0
540	72608.0	94271.0
541	76006.0	93993.0
542	72929.0	92667.0
543	74709.0	90037.0
544	76266.0	90554.0
545	74184.0	92694.0
546	72726.0	89657.0
547	75792.0	90317.0
548	77057.0	91089.0
549	76875.0	92235.0
550	74545.0	90153.0
551	76011.0	91108.0
552	74668.0	94660.0
553	74328.0	91168.0
554	75773.0	90226.0
555	74651.0	92948.0
556	78326.0	92726.0
557	76520.0	89234.0
558	73124.0	91891.0
559	77122.0	90225.0
560	77526.0	93526.0
561	77889.0	91949.0
562	76009.0	92844.0
563	76602.0	93683.0
564	74830.0	90588.0
565	75061.0	92328.0
566	72639.0	94191.0
567	78540.0	93059.0
568	73935.0	93779.0
569	75958.0	91066.0
570	74549.0	90795.0
571	73574.0	90592.0
572	72635.0	93922.0
573	76635.0	94818.0
574	73713.0	95076.0
575	71771.0	95402.0
576	72013.0	96009.0
577	73468.0	94486.0
578	75677.0	94893.0
579	72654.0	93263.0
580	74789.0	91961.0
581	76933.0	91880.0
582	73007.0	94891.0
583	75073.0	92632.0
584	74778.0	96970.0
585	73680.0	95139.0
586	72524.0	97893.0
587	74711.0	93886.0
588	74253.0	96345.0
589	72903.0	97325.0
590	72596.0	95497.0
591	70950.0	95922.0
592	70819.0	97066.0
593	71196.0	95605.0
594	72736.0	93625.0
595	73652.0	95208.0
596	74442.0	93705.0
597	75995.0	94462.0
598	76534.0	94402.0
599	71591.0	92822.0
600	74122.0	95945.0
601	75792.0	95598.0
602	72208.0	92791.0
603	74296.0	94411.0
604	75066.0	94326.0
605	75383.0	94419.0
606	73386.0	95138.0
607	72478.0	96089.0
608	73404.0	92339.0
609	73635.0	93291.0
610	73510.0	96756.0
611	71833.0	93954.0
612	72699.0	97148.0
613	74618.0	94163.0
614	71071.0	96787.0
615	71767.0	96731.0
616	73736.0	96009.0
617	71543.0	95705.0
618	73115.0	96180.0
619	71878.0	96200.0
620	72500.0	94919.0
621	75139.0	93613.0
622	70902.0	92528.0
623	72407.0	93426.0
624	73131.0	93193.0
625	72701.0	90339.0
626	73451.0	90052.0
627	70389.0	91670.0
628	70992.0	92632.0
629	72102.0	93762.0
630	71189.0	92100.0
631	70074.0	92136.0
632	70981.0	95541.0
633	68653.0	91766.0
634	70487.0	91806.0
635	68918.0	89580.0
636	68447.0	93392.0
637	69686.0	90398.0
638	69559.0	91321.0
639	66132.0	87038.0
640	67184.0	90545.0
641	66806.0	89911.0
642	66724.0	93342.0
643	66736.0	90970.0
644	66712.0	91569.0
645	66984.0	86047.0
646	66014.0	86456.0
647	66883.0	87561.0
648	65372.0	86779.0
649	64398.0	85477.0
650	64638.0	84415.0
651	65167.0	86737.0
652	65696.0	88041.0
653	66972.0	85562.0
654	68016.0	85472.0
655	65277.0	84810.0
656	65200.0	86236.0
657	66328.0	84299.0
658	65256.0	85483.0
659	67065.0	85482.0
660	64987.0	85113.0
661	64378.0	86891.0
662	67293.0	85004.0
663	66353.0	82589.0
664	63997.0	85190.0
665	67750.0	87703.0
666	65529.0	85497.0
667	68418.0	83817.0
668	67158.0	83239.0
669	66842.0	81214.0
670	67662.0	84906.0
671	67326.0	80812.0
672	65779.0	81641.0
673	67347.0	81893.0
674	67508.0	84275.0
675	66065.0	81492.0
676	68324.0	79936.0
677	66032.0	81185.0
678	64426.0	80349.0
679	66793.0	80661.0
680	62570.0	78198.0
681	65835.0	81698.0
682	66305.0	78350.0
683	66205.0	79905.0
684	64334.0	82696.0
685	64612.0	82186.0
686	63075.0	76345.0
687	63060.0	81470.0
688	65852.0	81121.0
689	63456.0	80307.0
690	66222.0	80695.0
691	64435.0	82116.0
692	64511.0	78944.0
693	62037.0	81439.0
694	61735.0	77405.0
695	63702.0	80028.0
696	62020.0	79831.0
697	63922.0	78787.0
698	63367.0	82158.0
699	61902.0	81822.0
700	62604.0	76952.0
701	61115.0	78210.0
702	64280.0	79711.0
703	61943.0	73373.0
704	63329.0	79013.0
705	64618.0	75534.0
706	63505.0	77625.0
707	64731.0	77166.0
708	65359.0	77718.0
709	63936.0	78388.0
710	65754.0	78698.0
711	66179.0	76444.0
712	64766.0	77652.0
713	65182.0	77159.0
714	65903.0	77092.0
715	63960.0	75394.0
716	65958.0	78074.0
717	66353.0	75795.0
718	66214.0	75079.0
719	64767.0	76639.0
720	66025.0	78600.0
721	66285.0	76733.0
722	64144.0	76132.0
723	65618.0	77955.0
724	64759.0	77605.0
725	66479.0	78555.0
726	63483.0	79572.0
727	66955.0	79590.0
728	64785.0	78680.0
729	66868.0	77808.0
730	65868.0	78857.0
731	68003.0	77495.0
732	65762.0	74490.0
733	67370.0	75284.0
734	66969.0	77174.0
735	66930.0	75705.0
736	64076.0	75704.0
737	65312.0	73615.0
738	66221.0	75234.0
739	66133.0	77398.0
740	66659.0	75979.0
741	66618.0	74138.0
742	66394.0	74632.0
743	68927.0	74954.0
744	68690.0	74104.0
745	65877.0	72328.0
746	66006.0	74465.0
747	64261.0	74801.0
748	66264.0	71919.0
749	65938.0	73215.0
750	65157.0	73976.0
751	64671.0	73750.0
752	65254.0	70314.0
753	66212.0	75364.0
754	62944.0	73439.0
755	62529.0	72597.0
756	64004.0	72679.0
757	62506.0	71652.0
758	65837.0	70161.0
759	62391.0	71427.0
760	63619.0	68217.0
761	64780.0	70698.0
762	63251.0	69524.0
763	64683.0	69693.0
764	60119.0	68864.0
765	62152.0	72950.0
766	63598.0	72298.0
767	63303.0	73389.0
768	62621.0	73829.0
769	64574.0	71459.0
770	63706.0	69686.0
771	64913.0	69459.0
772	62273.0	68858.0
773	61836.0	70087.0
774	63745.0	67049.0
775	61141.0	69392.0
776	60954.0	69651.0
777	59643.0	68037.0
778	63566.0	70174.0
779	59795.0	70100.0
780	61098.0	69675.0
781	62982.0	67828.0
782	61201.0	68960.0
783	61540.0	66776.0
784	61286.0	65720.0
785	61273.0	65850.0
786	60693.0	67851.0
787	59389.0	68226.0
788	60526.0	67242.0
789	62370.0	66310.0
790	63128.0	67537.0
791	62861.0	68151.0
792	60845.0	69975.0
793	60745.0	66169.0
794	60934.0	68869.0
795	59484.0	68685.0
796	61174.0	67346.0
797	61388.0	70427.0
798	63717.0	67440.0
799	60344.0	66993.0
800	60889.0	68390.0
801	63037.0	66739.0
802	61674.0	67077.0
803	61007.0	66965.0
804	59273.0	69368.0
805	62585.0	68239.0
806	59576.0	69242.0
807	60471.0	67801.0
808	60693.0	66433.0
809	60672.0	67668.0
810	59768.0	69277.0
811	59870.0	68682.0
812	59600.0	67607.0
813	59717.0	66998.0
814	58232.0	66572.0
815	62290.0	66755.0
816	60855.0	67346.0
817	59549.0	64345.0
818	60556.0	65352.0
819	58803.0	67665.0
820	58632.0	67750.0
821	59367.0	67600.0
822	57052.0	67537.0
823	55095.0	68016.0
824	57173.0	70576.0
825	55853.0	67745.0
826	56604.0	71308.0
827	54622.0	70128.0
828	56935.0	70235.0
829	55666.0	71364.0
830	56701.0	68511.0
831	56648.0	69963.0
832	56324.0	71977.0
833	57353.0	67675.0
834	56283.0	70038.0
835	59112.0	67219.0
836	57871.0	68705.0
837	58093.0	67556.0
838	58153.0	67995.0
839	58367.0	66740.0
840	59028.0	65613.0
841	57239.0	65105.0
842	59693.0	65508.0
843	58679.0	62742.0
844	57665.0	64655.0
845	57578.0	66912.0
846	58447.0	65361.0
847	56912.0	65536.0
848	55349.0	64145.0
849	57667.0	64516.0
850	57234.0	63394.0
851	55534.0	63622.0
852	57699.0	63223.0
853	58390.0	61725.0
854	54240.0	64566.0
855	57899.0	62596.0
856	57450.0	62929.0
857	56003.0	61668.0
858	57467.0	60978.0
859	53975.0	63990.0
860	56849.0	62044.0
861	55343.0	62447.0
862	56336.0	63432.0
863	54764.0	63320.0
864	56599.0	63276.0
865	58442.0	63541.0
866	57640.0	61627.0
867	58349.0	62742.0
868	59546.0	60733.0
869	60236.0	63124.0
870	56539.0	62083.0
871	59074.0	60533.0
872	58852.0	60985.0
873	58342.0	62031.0
874	56401.0	61442.0
875	57666.0	60737.0
876	56376.0	60800.0
877	56220.0	62419.0
878	56068.0	60739.0
879	53693.0	61446.0
880	53844.0	59103.0
881	54785.0	59833.0
882	53874.0	60931.0
883	57067.0	61345.0
884	56584.0	60026.0
885	56357.0	60581.0
886	57845.0	61316.0
887	58577.0	58905.0
888	55315.0	59170.0
889	56323.0	59292.0
890	55768.0	58776.0
891	54822.0	58857.0
892	54747.0	60395.0
893	54355.0	61927.0
894	53995.0	60294.0
895	54481.0	61391.0
896	52773.0	60160.0
897	51766.0	59544.0
898	54292.0	57817.0
899	53443.0	57411.0
900	53684.0	59281.0
901	52253.0	59140.0
902	52159.0	57178.0
903	52976.0	59835.0
904	52835.0	58561.0
905	53301.0	58412.0
906	54382.0	58268.0
907	55642.0	56667.0
908	55133.0	58442.0
909	55455.0	58661.0
910	55726.0	58654.0
911	54141.0	59595.0
912	55042.0	58134.0
913	53334.0	59429.0
914	54628.0	59845.0
915	54764.0	58842.0
916	54453.0	59178.0
917	53975.0	57740.0
918	54815.0	58464.0
919	55499.0	59878.0
920	55156.0	60561.0
921	54050.0	58421.0
922	53742.0	60318.0
923	51066.0	59799.0
924	51586.0	59988.0
925	54016.0	62982.0
926	51797.0	61708.0
927	51467.0	58822.0
928	52793.0	60223.0
929	51168.0	59671.0
930	53107.0	60946.0
931	49839.0	59524.0
932	51413.0	60728.0
933	51296.0	58459.0
934	49697.0	57660.0
935	51323.0	60104.0
936	49859.0	59536.0
937	51624.0	57995.0
938	50817.0	59365.0
939	49178.0	56819.0
940	51398.0	58333.0
941	50448.0	61058.0
942	50746.0	59003.0
943	48765.0	60730.0
944	50344.0	61616.0
945	50982.0	58805.0
946	49161.0	58280.0
947	49758.0	58241.0
948	50050.0	58051.0
949	48751.0	57716.0
950	49659.0	60311.0
951	49289.0	55364.0
952	48270.0	57771.0
953	50595.0	58034.0
954	49113.0	57174.0
955	48580.0	56931.0
956	51179.0	56493.0
957	47443.0	56448.0
958	48365.0	57512.0
959	46323.0	56413.0
960	49154.0	56805.0
961	47794.0	57662.0
962	48584.0	57901.0
963	49550.0	56237.0
964	49084.0	57863.0
965	45370.0	55112.0
966	46571.0	56174.0
967	45994.0	55601.0
968	46634.0	55119.0
969	45298.0	56358.0
970	46475.0	53027.0
971	45023.0	56741.0
972	47533.0	56142.0
973	46705.0	55427.0
974	46658.0	55476.0
975	45543.0	57700.0
976	45806.0	57525.0
977	46443.0	56663.0
978	44972.0	56756.0
979	46061.0	55870.0
980	47898.0	57147.0
981	47832.0	56397.0
982	48499.0	57746.0
983	47286.0	57184.0
984	49169.0	58409.0
985	47202.0	58016.0
986	48610.0	55273.0
987	48417.0	57296.0
988	46205.0	56832.0
989	46755.0	54853.0
990	48438.0	59555.0
991	44648.0	59821.0
992	45861.0	59228.0
993	46671.0	57848.0
994	45832.0	58837.0
995	46678.0	58865.0
996	43488.0	57680.0
997	43752.0	56493.0
998	43267.0	57336.0
999	45714.0	54750.0
1000	44888.0	56576.0
1001	44401.0	56513.0
1002	44403.0	56037.0
1003	44092.0	52590.0
1004	43241.0	56256.0
1005	44752.0	55163.0
1006	43117.0	56041.0
1007	45454.0	55466.0
1008	44160.0	55730.0
1009	44282.0	55265.0
1010	46558.0	55620.0
1011	43866.0	56935.0
1012	44430.0	53312.0
1013	45247.0	54851.0
1014	44684.0	55078.0
1015	43862.0	55551.0
1016	47377.0	53515.0
1017	44271.0	55613.0
1018	45592.0	53232.0
1019	45128.0	54050.0
1020	44927.0	53838.0
1021	43491.0	53752.0
1022	45383.0	51021.0
1023	41818.0	50500.0
1024	44047.0	52081.0
1025	43183.0	51564.0
1026	43305.0	49405.0
1027	43475.0	51325.0
1028	44449.0	50116.0
1029	43319.0	48191.0
1030	44486.0	50150.0
1031	44961.0	47221.0
1032	43046.0	49124.0
1033	43736.0	50312.0
1034	43255.0	47415.0
1035	44880.0	49363.0
1036	42809.0	48526.0
1037	43307.0	50855.0
1038	44080.0	46462.0
1039	42512.0	51380.0
1040	41348.0	48079.0
1041	44559.0	49123.0
1042	43196.0	48841.0
1043	43564.0	48898.0
1044	43156.0	48789.0
1045	42191.0	50777.0
1046	44060.0	49762.0
1047	43395.0	50499.0
1048	41903.0	49877.0
1049	43748.0	47696.0
1050	43871.0	48988.0
1051	43239.0	47388.0
1052	41783.0	48244.0
1053	42158.0	46003.0
1054	42161.0	47350.0
1055	42196.0	49459.0
1056	41552.0	45603.0
1057	40165.0	48516.0
1058	41599.0	47053.0
1059	40182.0	46369.0
1060	41123.0	48176.0
1061	41446.0	46844.0
1062	42238.0	47317.0
1063	44311.0	47152.0
1064	41793.0	47626.0
1065	43700.0	47513.0
1066	42993.0	47995.0
1067	42687.0	50694.0
1068	45263.0	47114.0
1069	43089.0	47585.0
1070	42618.0	47121.0
1071	43570.0	47187.0
1072	42563.0	47634.0
1073	42165.0	49857.0
1074	41192.0	44450.0
1075	43736.0	47283.0
1076	41143.0	49509.0
1077	40879.0	47894.0
1078	41435.0	47596.0
1079	41507.0	47708.0
1080	39987.0	48951.0
1081	40846.0	46337.0
1082	42544.0	47835.0
1083	39876.0	47139.0
1084	43237.0	47665.0
1085	44962.0	45860.0
1086	40405.0	49321.0
1087	43259.0	47821.0
1088	41602.0	47173.0
1089	40691.0	48517.0
1090	41697.0	46970.0
1091	42026.0	46345.0
1092	41944.0	46933.0
1093	40409.0	47053.0
1094	40336.0	46889.0
1095	42250.0	48894.0
1096	40312.0	45906.0
1097	39606.0	46520.0
1098	41386.0	47378.0
1099	41370.0	46072.0
1100	38850.0	45754.0
1101	41422.0	46800.0
1102	39186.0	48217.0
1103	38407.0	43627.0
1104	40103.0	49473.0
1105	40316.0	46594.0
1106	42055.0	48801.0
1107	40388.0	48281.0
1108	40773.0	47099.0
1109	39970.0	47702.0
1110	40712.0	48739.0
1111	39461.0	47587.0
1112	38480.0	46889.0
1113	40136.0	50375.0
1114	39954.0	47609.0
1115	37436.0	46865.0
1116	38909.0	47552.0
1117	38247.0	48148.0
1118	38713.0	45565.0
1119	39152.0	44941.0
1120	38164.0	44383.0
1121	37835.0	44452.0
1122	39162.0	44140.0
1123	39549.0	44643.0
1124	38868.0	44551.0
1125	40410.0	43829.0
1126	39375.0	46173.0
1127	40835.0	44746.0
1128	40491.0	46356.0
1129	40313.0	46120.0
1130	41743.0	44422.0
1131	39843.0	45164.0
1132	39696.0	45031.0
1133	39471.0	43355.0
1134	38541.0	45499.0
1135	39131.0	44030.0
1136	39526.0	42883.0
1137	37994.0	46659.0
1138	39185.0	43854.0
1139	38313.0	43587.0
1140	41143.0	43314.0
1141	38311.0	45798.0
1142	38145.0	43173.0
1143	38149.0	43037.0
1144	37572.0	42991.0
1145	37726.0	40209.0
1146	38462.0	43366.0
1147	38042.0	41249.0
1148	37189.0	40953.0
1149	37502.0	41777.0
1150	37872.0	41509.0
1151	37853.0	42986.0
1152	37497.0	42881.0
1153	37502.0	42294.0
1154	37862.0	41439.0
1155	38746.0	42940.0
1156	37193.0	40390.0
1157	38674.0	41493.0
1158	39497.0	41119.0
1159	40214.0	40656.0
1160	40548.0	43378.0
1161	40789.0	40059.0
1162	39314.0	41465.0
1163	41090.0	40863.0
1164	39210.0	39962.0
1165	41450.0	40959.0
1166	40509.0	41257.0
1167	41073.0	38648.0
1168	40171.0	42588.0
1169	40896.0	39367.0
1170	37630.0	42163.0
1171	41040.0	41764.0
1172	39278.0	42164.0
1173	38106.0	40370.0
1174	38956.0	41953.0
1175	37354.0	41500.0
1176	38092.0	41591.0
1177	37399.0	44502.0
1178	39605.0	41953.0
1179	35780.0	41304.0
1180	38253.0	40095.0
1181	37831.0	39863.0
1182	36720.0	39683.0
1183	38318.0	41073.0
1184	37604.0	38580.0
1185	36143.0	40893.0
1186	38699.0	40007.0
1187	37900.0	40904.0
1188	37533.0	40143.0
1189	37306.0	38963.0
1190	38747.0	37951.0
1191	38302.0	40998.0
1192	36285.0	39104.0
1193	38417.0	38040.0
1194	37505.0	39438.0
1195	37763.0	39090.0
1196	36894.0	40809.0
1197	39044.0	40320.0
1198	38054.0	40575.0
1199	36725.0	38422.0
1200	34893.0	38003.0
1201	36988.0	39045.0
1202	37658.0	38331.0
1203	35597.0	38461.0
1204	36945.0	40262.0
1205	35493.0	37413.0
1206	34986.0	39038.0
1207	37310.0	38925.0
1208	36580.0	39897.0
1209	37994.0	39154.0
1210	35774.0	36961.0
1211	35941.0	38016.0
1212	37272.0	39123.0
1213	37871.0	38712.0
1214	37050.0	38717.0
1215	38200.0	38552.0
1216	39526.0	42061.0
1217	38186.0	37797.0
1218	37624.0	39383.0
1219	37881.0	39233.0
1220	39522.0	37917.0
1221	40320.0	38547.0
1222	40231.0	38440.0
1223	40025.0	38678.0
1224	39569.0	37653.0
1225	36062.0	38447.0
1226	38018.0	40186.0
1227	38304.0	40521.0
1228	35900.0	40140.0
1229	39142.0	39259.0
1230	38066.0	38778.0
1231	37933.0	40094.0
1232	36246.0	39657.0
1233	38313.0	37615.0
1234	35525.0	38226.0
1235	37440.0	37070.0
1236	37062.0	38000.0
1237	37906.0	37865.0
1238	38750.0	39324.0
1239	37954.0	38391.0
1240	37685.0	40077.0
1241	38275.0	38528.0
1242	37921.0	41188.0
1243	38444.0	39661.0
1244	36315.0	40337.0
1245	37373.0	38482.0
1246	35910.0	38361.0
1247	35108.0	37422.0
1248	36074.0	37547.0
1249	36352.0	37428.0
1250	36849.0	38642.0
1251	36179.0	36600.0
1252	34479.0	37485.0
1253	34748.0	35197.0
1254	34928.0	36477.0
1255	35527.0	38286.0
1256	34224.0	37662.0
1257	36314.0	35516.0
1258	35550.0	39782.0
1259	35187.0	37037.0
1260	34893.0	38844.0
1261	36151.0	40160.0
1262	35857.0	39092.0
1263	32786.0	39450.0
1264	36098.0	37638.0
1265	32891.0	36482.0
1266	31934.0	38692.0
1267	35414.0	37740.0
1268	32848.0	36932.0
1269	33065.0	39869.0
1270	35375.0	37493.0
1271	32677.0	36806.0
1272	33947.0	38102.0
1273	31555.0	36502.0
1274	33274.0	36301.0
1275	32932.0	37294.0
1276	33402.0	37298.0
1277	34020.0	37729.0
1278	32172.0	38363.0
1279	34054.0	38458.0
1280	32018.0	37434.0
1281	34871.0	39286.0
1282	33649.0	36517.0
1283	33647.0	37818.0
1284	33180.0	36792.0
1285	34140.0	36624.0
1286	32714.0	36710.0
1287	34605.0	38494.0
1288	33607.0	37664.0
1289	33609.0	37619.0
1290	33858.0	38441.0
1291	33291.0	38157.0
1292	33365.0	39489.0
1293	33784.0	38087.0
1294	32577.0	37550.0
1295	34176.0	36196.0
1296	32498.0	36155.0
1297	34017.0	36861.0
1298	34074.0	34647.0
1299	33318.0	37870.0
1300	31327.0	38127.0
1301	30797.0	37832.0
1302	31979.0	37274.0
1303	30572.0	36478.0
1304	33025.0	36545.0
1305	30889.0	38826.0
1306	30937.0	37770.0
1307	32157.0	39103.0
1308	32221.0	39672.0
1309	31160.0	36942.0
1310	31443.0	38030.0
1311	30321.0	37496.0
1312	31688.0	37590.0
1313	29971.0	39406.0
1314	30066.0	37584.0
1315	32755.0	37384.0
1316	31450.0	36012.0
1317	30730.0	36445.0
1318	31672.0	35923.0
1319	30886.0	36879.0
1320	30170.0	37835.0
1321	31136.0	35654.0
1322	29841.0	35015.0
1323	29599.0	35316.0
1324	30750.0	36000.0
1325	30752.0	35466.0
1326	29901.0	36316.0
1327	30060.0	35418.0
1328	29642.0	37631.0
1329	29955.0	37293.0
1330	30777.0	34156.0
1331	29351.0	36120.0
1332	29874.0	34933.0
1333	31748.0	35669.0
1334	29399.0	33610.0
1335	30360.0	36837.0
1336	31159.0	36907.0
1337	30973.0	35572.0
1338	30570.0	37331.0
1339	32594.0	36972.0
1340	29934.0	38853.0
1341	30683.0	36169.0
1342	30054.0	37459.0
1343	29262.0	36422.0
1344	30383.0	38829.0
1345	31179.0	35851.0
1346	29713.0	35580.0
1347	29582.0	36463.0
1348	30985.0	35465.0
1349	30931.0	35757.0
1350	30434.0	36989.0
1351	33437.0	35363.0
1352	29752.0	35154.0
1353	29723.0	33859.0
1354	31466.0	33950.0
1355	30930.0	34614.0
1356	29697.0	35279.0
1357	31105.0	33232.0
1358	30449.0	31731.0
1359	30029.0	32377.0
1360	28936.0	32510.0
1361	29589.0	32158.0
1362	29837.0	33236.0
1363	29617.0	32713.0
1364	29990.0	33381.0
1365	29152.0	34476.0
1366	29544.0	34945.0
1367	29123.0	34367.0
1368	29363.0	34365.0
1369	28827.0	34949.0
1370	28994.0	35902.0
1371	30276.0	36310.0
1372	29052.0	35602.0
1373	28913.0	36751.0
1374	28201.0	37878.0
1375	29109.0	35127.0
1376	28078.0	37069.0
1377	30225.0	36203.0
1378	29877.0	35434.0
1379	30044.0	34865.0
1380	29165.0	35479.0
1381	30430.0	37052.0
1382	28068.0	35484.0
1383	28958.0	37748.0
1384	29453.0	34957.0
1385	30049.0	36046.0
1386	29743.0	35934.0
1387	27101.0	35121.0
1388	29098.0	35027.0
1389	27408.0	36011.0
1390	26972.0	35667.0
1391	28498.0	36948.0
1392	27653.0	34698.0
1393	28354.0	36217.0
1394	28196.0	36959.0
1395	29485.0	35127.0
1396	29599.0	35923.0
1397	27978.0	37739.0
1398	28555.0	36815.0
1399	28963.0	38412.0
1400	29627.0	36533.0
1401	27591.0	37229.0
1402	28680.0	38967.0
1403	26202.0	35907.0
1404	27142.0	37103.0
1405	27842.0	36338.0
1406	25708.0	34516.0
1407	27341.0	37625.0
1408	26849.0	35471.0
1409	27415.0	37430.0
1410	26119.0	33995.0
1411	26880.0	33256.0
1412	28596.0	35225.0
1413	26460.0	32678.0
1414	28270.0	34054.0
1415	25793.0	32901.0
1416	27330.0	32997.0
1417	26279.0	33956.0
1418	26482.0	33126.0
1419	26981.0	34031.0
1420	27420.0	33634.0
1421	27518.0	31845.0
1422	25799.0	33232.0
1423	27047.0	30959.0
1424	27518.0	32758.0
1425	28708.0	31485.0
1426	27493.0	31565.0
1427	26532.0	30275.0
1428	29164.0	30953.0
1429	27497.0	29995.0
1430	28890.0	29761.0
1431	27690.0	30485.0
1432	29563.0	31106.0
1433	28011.0	33089.0
1434	28713.0	29699.0
1435	27661.0	30452.0
1436	27847.0	31690.0
1437	25244.0	29114.0
1438	26911.0	31238.0
1439	26189.0	31543.0
1440	27486.0	31723.0
1441	27995.0	31878.0
1442	27403.0	31061.0
1443	26795.0	30254.0
1444	27390.0	31178.0
1445	26335.0	30557.0
1446	27188.0	29416.0
1447	26167.0	31568.0
1448	26348.0	28540.0
1449	28333.0	30715.0
1450	27418.0	30622.0
1451	27473.0	29741.0
1452	26860.0	31575.0
1453	26916.0	30525.0
1454	27379.0	30841.0
1455	27727.0	29661.0
1456	28218.0	29642.0
1457	27306.0	29431.0
1458	29607.0	29290.0
1459	27397.0	30261.0
1460	27081.0	28761.0
1461	28496.0	29667.0
1462	27019.0	29569.0
1463	27870.0	29626.0
1464	27278.0	28845.0
1465	29084.0	30580.0
1466	30337.0	28689.0
1467	27076.0	28813.0
1468	27918.0	30524.0
1469	28535.0	28606.0
1470	28278.0	27428.0
1471	27899.0	30518.0
1472	26696.0	28801.0
1473	27426.0	28070.0
1474	27660.0	28206.0
1475	29966.0	28159.0
1476	26732.0	28370.0
1477	27164.0	28527.0
1478	26777.0	29848.0
1479	26353.0	29695.0
1480	25484.0	27562.0
1481	25623.0	29790.0
1482	26821.0	29308.0
1483	25879.0	28388.0
1484	25292.0	28181.0
1485	25344.0	29206.0
1486	27007.0	29250.0
1487	24390.0	27572.0
1488	24903.0	29888.0
1489	25295.0	28366.0
1490	25018.0	28153.0
1491	26274.0	27945.0
1492	25326.0	28597.0
1493	23913.0	28968.0
1494	23622.0	29351.0
1495	24674.0	26419.0
1496	25189.0	28478.0
1497	26004.0	28947.0
1498	24064.0	28199.0
1499	26524.0	30830.0
1500	25955.0	28870.0
1501	25344.0	28547.0
1502	25569.0	28200.0
1503	24645.0	28174.0
1504	25122.0	28475.0
1505	25178.0	27155.0
1506	24017.0	28617.0
1507	23757.0	27454.0
1508	22955.0	28472.0
1509	23216.0	28242.0
1510	21995.0	28976.0
1511	23657.0	29217.0
1512	22237.0	27402.0
1513	22934.0	26719.0
1514	22931.0	28051.0
1515	23359.0	29668.0
1516	23055.0	27842.0
1517	22804.0	30057.0
1518	22769.0	30157.0
1519	23472.0	27814.0
1520	23548.0	27884.0
1521	22364.0	27678.0
1522	22934.0	26375.0
1523	24005.0	25482.0
1524	23696.0	26254.0
1525	23956.0	26663.0
1526	24156.0	25972.0
1527	23271.0	27194.0
1528	23723.0	25926.0
1529	25214.0	26713.0
1530	23302.0	25287.0
1531	24366.0	27412.0
1532	24586.0	24863.0
1533	23460.0	26023.0
1534	23569.0	26184.0
1535	22999.0	26602.0
1536	22933.0	27283.0
1537	23405.0	27521.0
1538	22935.0	27090.0
1539	22325.0	27627.0
1540	23291.0	28393.0
1541	24711.0	26641.0
1542	23106.0	27682.0
1543	23396.0	28428.0
1544	23690.0	27992.0
1545	23605.0	28892.0
1546	22764.0	28168.0
1547	23375.0	27191.0
1548	23691.0	27122.0
1549	21992.0	27342.0
1550	22541.0	27238.0
1551	22867.0	27317.0
1552	22965.0	28094.0
1553	23363.0	28641.0
1554	23058.0	27266.0
1555	23144.0	29223.0
1556	24694.0	27354.0
1557	24021.0	28761.0
1558	24059.0	27952.0
1559	24712.0	28549.0
1560	23207.0	29521.0
1561	24344.0	29455.0
1562	24528.0	30057.0
1563	24799.0	28939.0
1564	24667.0	29926.0
1565	24521.0	29583.0
1566	25037.0	29621.0
1567	24924.0	29246.0
1568	23718.0	28157.0
1569	24226.0	28760.0
1570	24657.0	27901.0
1571	24621.0	28029.0
1572	25571.0	27523.0
1573	24117.0	29916.0
1574	23398.0	27750.0
1575	25373.0	27206.0
1576	23405.0	28349.0
1577	24504.0	26460.0
1578	23643.0	25806.0
1579	23263.0	25439.0
1580	23842.0	26923.0
1581	23779.0	26628.0
1582	23150.0	26256.0
1583	23889.0	26538.0
1584	22964.0	27442.0
1585	23913.0	27018.0
1586	22931.0	26825.0
1587	23887.0	26231.0
1588	23333.0	27276.0
1589	22906.0	27392.0
1590	23704.0	26880.0
1591	22886.0	27341.0
1592	22211.0	26923.0
1593	23327.0	26937.0
1594	21803.0	25386.0
1595	23261.0	26656.0
1596	22672.0	25892.0
1597	25105.0	25256.0
1598	23265.0	27367.0
1599	23712.0	27007.0
1600	24273.0	26806.0
1601	22581.0	27353.0
1602	22536.0	27661.0
1603	24275.0	28327.0
1604	22608.0	27196.0
1605	21986.0	27866.0
1606	23383.0	28404.0
1607	21822.0	26101.0
1608	21632.0	25867.0
1609	23809.0	27399.0
1610	21806.0	27205.0
1611	21012.0	26477.0
1612	21669.0	25637.0
1613	21707.0	26726.0
1614	22006.0	24930.0
1615	21017.0	26588.0
1616	22158.0	26278.0
1617	21970.0	25794.0
1618	22536.0	25343.0
1619	22375.0	26508.0
1620	21571.0	24983.0
1621	21922.0	25619.0
1622	21338.0	27529.0
1623	20615.0	26624.0
1624	20744.0	28587.0
1625	22076.0	26351.0
1626	21488.0	27486.0
1627	22686.0	27870.0
1628	22445.0	28164.0
1629	22171.0	26992.0
1630	23575.0	26558.0
1631	22499.0	28917.0
1632	23134.0	27770.0
1633	22527.0	28901.0
1634	22718.0	29091.0
1635	22305.0	31275.0
1636	23632.0	28638.0
1637	22993.0	30960.0
1638	21774.0	32048.0
1639	23879.0	30570.0
1640	22186.0	29036.0
1641	23792.0	29009.0
1642	22795.0	28901.0
1643	22862.0	29405.0
1644	23069.0	28256.0
1645	23635.0	28825.0
1646	23599.0	27321.0
1647	21302.0	28061.0
1648	22808.0	28077.0
1649	20767.0	26068.0
1650	20901.0	27224.0
1651	22626.0	27348.0
1652	20796.0	27817.0
1653	20849.0	26069.0
1654	22208.0	27760.0
1655	20798.0	25309.0
1656	21887.0	27107.0
1657	22562.0	26811.0
1658	21062.0	25368.0
1659	22953.0	27256.0
1660	21614.0	27041.0
1661	21378.0	27634.0
1662	21937.0	26819.0
1663	22089.0	27792.0
1664	21252.0	27400.0
1665	20727.0	26289.0
1666	22110.0	27523.0
1667	22044.0	26267.0
1668	21430.0	26548.0
1669	21996.0	24644.0
1670	21755.0	25954.0
1671	22343.0	25735.0
1672	24255.0	25418.0
1673	20939.0	25410.0
1674	21538.0	25033.0
1675	21827.0	25961.0
1676	22511.0	25044.0
1677	21360.0	24667.0
1678	20528.0	27120.0
1679	21569.0	25005.0
1680	20553.0	26630.0
1681	21492.0	27097.0
1682	21558.0	25303.0
1683	22543.0	25066.0
1684	21432.0	26714.0
1685	23109.0	26891.0
1686	23907.0	25775.0
1687	21809.0	25892.0
1688	22363.0	25863.0
1689	22492.0	25598.0
1690	21613.0	26434.0
1691	22076.0	24079.0
1692	21653.0	25848.0
1693	22778.0	25080.0
1694	22357.0	25477.0
1695	21579.0	26079.0
1696	21679.0	26654.0
1697	21777.0	24329.0
1698	20898.0	24902.0
1699	22221.0	25510.0
1700	22029.0	27234.0
1701	22073.0	24065.0
1702	20895.0	25633.0
1703	22394.0	25592.0
1704	21048.0	25949.0
1705	22339.0	23495.0
1706	20630.0	26341.0
1707	22233.0	24206.0
1708	22738.0	25400.0
1709	20414.0	27464.0
1710	20588.0	24803.0
1711	20671.0	25806.0
1712	21739.0	25500.0
1713	20649.0	24967.0
1714	21427.0	24490.0
1715	22037.0	24692.0
1716	22262.0	22669.0
1717	21717.0	23967.0
1718	22031.0	24034.0
1719	22706.0	25307.0
1720	22858.0	26057.0
1721	23509.0	24565.0
1722	22366.0	25086.0
1723	22108.0	24889.0
1724	22168.0	24351.0
1725	22578.0	25423.0
1726	21538.0	24140.0
1727	22436.0	25512.0
1728	22956.0	26275.0
1729	22670.0	24934.0
1730	21935.0	24965.0
1731	22562.0	24696.0
1732	21858.0	24204.0
1733	23234.0	25468.0
1734	24030.0	24127.0
1735	20631.0	24258.0
1736	23110.0	24299.0
1737	21233.0	24905.0
1738	20760.0	25012.0
1739	22529.0	23155.0
1740	20245.0	24459.0
1741	20345.0	22837.0
1742	20139.0	22456.0
1743	20815.0	22532.0
1744	20540.0	21905.0
1745	19540.0	23468.0
1746	21012.0	20715.0
1747	21316.0	22917.0
1748	21143.0	22936.0
1749	20844.0	23176.0
1750	21916.0	21865.0
1751	21916.0	24526.0
1752	21364.0	22587.0
1753	20708.0	23369.0
1754	21148.0	22352.0
1755	20021.0	22613.0
1756	20615.0	21674.0
1757	19949.0	21440.0
1758	21214.0	22692.0
1759	19938.0	21780.0
1760	21021.0	23216.0
1761	20406.0	23476.0
1762	20423.0	22621.0
1763	20479.0	22460.0
1764	21326.0	21793.0
1765	20729.0	22217.0
1766	20348.0	21952.0
1767	20916.0	19835.0
1768	20934.0	21413.0
1769	20203.0	21645.0
1770	21846.0	20742.0
1771	21364.0	21342.0
1772	18963.0	21035.0
1773	19984.0	20615.0
1774	20176.0	22427.0
1775	19814.0	21583.0
1776	21893.0	20504.0
1777	21090.0	20599.0
1778	20109.0	22516.0
1779	20754.0	20391.0
1780	21658.0	20089.0
1781	22609.0	21350.0
1782	23149.0	20707.0
1783	21082.0	19665.0
1784	22083.0	21195.0
1785	21915.0	20299.0
1786	22541.0	19185.0
1787	21991.0	19413.0
1788	23878.0	21013.0
1789	21571.0	19298.0
1790	23713.0	20845.0
1791	21393.0	20787.0
1792	23790.0	21785.0
1793	22126.0	20241.0
1794	21210.0	21116.0
1795	22527.0	21091.0
1796	20460.0	20445.0
1797	21348.0	20254.0
1798	22592.0	20621.0
1799	20371.0	19763.0
1800	22040.0	19763.0
1801	22257.0	20076.0
1802	22128.0	21000.0
1803	21141.0	19755.0
1804	22651.0	20101.0
1805	21972.0	20361.0
1806	22323.0	19778.0
1807	21442.0	19899.0
1808	20388.0	20031.0
1809	21027.0	20290.0
1810	21149.0	21034.0
1811	19093.0	20464.0
1812	20673.0	21172.0
1813	20688.0	19852.0
1814	22432.0	22474.0
1815	22052.0	20287.0
1816	21227.0	21464.0
1817	21027.0	20729.0
1818	21423.0	22652.0
1819	20930.0	21148.0
1820	20472.0	22806.0
1821	21377.0	21643.0
1822	20445.0	20394.0
1823	18952.0	21587.0
1824	21368.0	20805.0
1825	20019.0	22461.0
1826	20213.0	20272.0
1827	19188.0	20081.0
1828	19240.0	21086.0
1829	19614.0	20559.0
1830	19128.0	21390.0
1831	18678.0	18922.0
1832	19535.0	21550.0
1833	21789.0	20341.0
1834	18914.0	19744.0
1835	19690.0	20409.0
1836	19836.0	20861.0
1837	20763.0	20449.0
1838	18579.0	19914.0
1839	20817.0	20986.0
1840	20187.0	19902.0
1841	18618.0	20353.0
1842	19453.0	20189.0
1843	19766.0	20905.0
1844	20664.0	19686.0
1845	18508.0	20217.0
1846	19670.0	19945.0
1847	20333.0	19999.0
1848	19165.0	19801.0
1849	20379.0	19925.0
1850	19419.0	21236.0
1851	20108.0	21436.0
1852	19384.0	21566.0
1853	20521.0	22640.0
1854	19322.0	20634.0
1855	19287.0	20989.0
1856	19285.0	20695.0
1857	20591.0	23138.0
1858	20685.0	20822.0
1859	19852.0	21367.0
1860	19622.0	22545.0
1861	20512.0	22321.0
1862	19657.0	20934.0
1863	18399.0	21257.0
1864	18883.0	20813.0
1865	18865.0	20932.0
1866	20200.0	21965.0
1867	18645.0	20373.0
1868	19868.0	21270.0
1869	20314.0	20561.0
1870	19958.0	21199.0
1871	20899.0	22246.0
1872	20286.0	19837.0
1873	19998.0	20674.0
1874	20432.0	20613.0
1875	21160.0	20716.0
1876	20394.0	19653.0
1877	21574.0	20603.0
1878	21114.0	18569.0
1879	20079.0	19385.0
1880	21555.0	19960.0
1881	20800.0	20158.0
1882	20445.0	19664.0
1883	20954.0	19698.0
1884	19937.0	19152.0
1885	19483.0	21041.0
1886	20597.0	18662.0
1887	19249.0	18415.0
1888	20437.0	19458.0
1889	19629.0	18251.0
1890	20412.0	18995.0
1891	20677.0	19380.0
1892	21567.0	19946.0
1893	21216.0	20417.0
1894	19803.0	18686.0
1895	20093.0	18512.0
1896	20034.0	20050.0
1897	20156.0	19101.0
1898	20305.0	19227.0
1899	20527.0	18853.0
1900	20197.0	19540.0
1901	20305.0	19316.0
1902	20090.0	18132.0
1903	20078.0	19238.0
1904	21014.0	17701.0
1905	19616.0	18807.0
1906	20981.0	16755.0
1907	19178.0	17651.0
1908	19603.0	19092.0
1909	19342.0	16987.0
1910	19739.0	17933.0
1911	18669.0	19463.0
1912	18974.0	18401.0
1913	18899.0	19059.0
1914	20591.0	18787.0
1915	18862.0	18174.0
1916	19304.0	19635.0
1917	18607.0	17971.0
1918	18586.0	20194.0
1919	19209.0	16877.0
1920	17973.0	18475.0
1921	18927.0	17314.0
1922	20364.0	17895.0
1923	19071.0	18246.0
1924	19629.0	18391.0
1925	19652.0	17878.0
1926	19890.0	19201.0
1927	19066.0	18920.0
1928	19669.0	18609.0
1929	19495.0	18745.0
1930	18953.0	18794.0
1931	17907.0	19123.0
1932	17596.0	18354.0
1933	18807.0	19583.0
1934	17105.0	19465.0
1935	18949.0	18589.0
1936	19026.0	18818.0
1937	18173.0	19351.0
1938	18895.0	21257.0
1939	19469.0	20050.0
1940	19919.0	19327.0
1941	20435.0	19648.0
1942	20397.0	20106.0
1943	19453.0	20359.0
1944	17838.0	20210.0
1945	19521.0	19161.0
1946	19146.0	20262.0
1947	19496.0	18924.0
1948	19557.0	20169.0
1949	19731.0	19498.0
1950	19846.0	19303.0
1951	19939.0	18623.0
1952	19449.0	18001.0
1953	19573.0	17391.0
1954	19072.0	18484.0
1955	19884.0	18557.0
1956	19873.0	18681.0
1957	19777.0	19002.0
1958	18786.0	18406.0
1959	19075.0	19372.0
1960	19074.0	19111.0
1961	19504.0	18698.0
1962	19583.0	19110.0
1963	20232.0	20666.0
1964	19964.0	19885.0
1965	19545.0	19038.0
1966	20711.0	19974.0
1967	18380.0	18935.0
1968	18108.0	18715.0
1969	19436.0	19390.0
1970	19690.0	19720.0
1971	19462.0	18916.0
1972	18911.0	19194.0
1973	19270.0	20235.0
1974	19999.0	18744.0
1975	20945.0	20448.0
1976	20408.0	19382.0
1977	20421.0	19481.0
1978	20375.0	19827.0
1979	21045.0	19371.0
1980	18320.0	18864.0
1981	18838.0	19136.0
1982	19780.0	18991.0
1983	17695.0	19614.0
1984	18965.0	19750.0
1985	18482.0	18805.0
1986	18115.0	20828.0
1987	18850.0	19387.0
1988	19096.0	21366.0
1989	19026.0	21026.0
1990	20041.0	19484.0
1991	18124.0	20980.0
1992	18406.0	20598.0
1993	18933.0	20619.0
1994	18557.0	21269.0
1995	18345.0	21442.0
1996	18634.0	22428.0
1997	17682.0	20308.0
1998	18109.0	20312.0
1999	17556.0	21683.0
