Offset	A	C	G	T	A/T	C/G	A/G	C/T	AA	AC	AG	AT	CA	CC	CG	CT	GA	GC	GG	GT	TA	TC	TG	TT	N	NN
-50	0.188327	0.299941	0.318513	0.193218	0.150160	0.387155	0.289240	0.275163	0.047282	0.042063	0.068839	0.030144	0.057924	0.103045	0.071386	0.067588	0.058194	0.097799	0.114925	0.047592	0.024914	0.056710	0.063775	0.047820	3873218.0	3873201.0
-49	0.188314	0.299618	0.318924	0.193143	0.150235	0.386792	0.290199	0.273573	0.047551	0.042520	0.068552	0.029692	0.058239	0.102336	0.071914	0.067128	0.058578	0.097023	0.115519	0.047804	0.025139	0.056256	0.063896	0.047853	3873202.0	3873199.0
-48	0.189507	0.298138	0.319879	0.192477	0.150279	0.388572	0.291792	0.272621	0.047482	0.042559	0.069598	0.029867	0.057551	0.102340	0.071907	0.066339	0.058141	0.097754	0.116571	0.047414	0.024938	0.055949	0.063597	0.047992	3873216.0	3873216.0
-47	0.188111	0.298603	0.321673	0.191613	0.147433	0.391654	0.290484	0.271847	0.046356	0.043130	0.069402	0.029223	0.057374	0.102150	0.072955	0.066124	0.057858	0.099681	0.116867	0.047267	0.024546	0.056266	0.063494	0.047307	3873219.0	3873218.0
-46	0.186134	0.301227	0.322718	0.189921	0.145795	0.395021	0.288648	0.273223	0.045323	0.042618	0.068814	0.029380	0.057096	0.103759	0.073698	0.066673	0.057399	0.100452	0.117112	0.047755	0.023890	0.055589	0.063240	0.047202	3873218.0	3873218.0
-45	0.183709	0.302418	0.322864	0.191010	0.144682	0.395796	0.286203	0.274897	0.044261	0.042396	0.068235	0.028817	0.057404	0.104854	0.073940	0.066220	0.057317	0.100612	0.116389	0.048545	0.023869	0.056088	0.063318	0.047735	3873219.0	3873219.0
-44	0.182851	0.303950	0.321882	0.191317	0.142561	0.396137	0.284761	0.276293	0.043493	0.042685	0.068481	0.028192	0.057394	0.105107	0.074277	0.067172	0.057535	0.101501	0.115252	0.047594	0.023639	0.056776	0.063665	0.047238	3873219.0	3873215.0
-43	0.182061	0.306068	0.321676	0.190195	0.143126	0.395541	0.283232	0.277845	0.044342	0.042257	0.067392	0.028070	0.058023	0.105631	0.073947	0.068469	0.057577	0.102042	0.113922	0.048135	0.023449	0.056480	0.063000	0.047265	3873215.0	3873215.0
-42	0.183390	0.306412	0.318260	0.191939	0.145164	0.391841	0.281950	0.280044	0.044998	0.042420	0.067716	0.028255	0.058279	0.105247	0.073691	0.069194	0.057133	0.100800	0.112103	0.048224	0.023914	0.057606	0.062422	0.047996	3873219.0	3873219.0
-41	0.184324	0.306073	0.315933	0.193670	0.147035	0.388702	0.280537	0.282085	0.045611	0.042702	0.067823	0.028189	0.058276	0.104628	0.072647	0.070521	0.057299	0.101622	0.109805	0.047207	0.024181	0.057881	0.062554	0.049054	3873219.0	3873216.0
-40	0.185367	0.306834	0.312828	0.194971	0.147628	0.385584	0.280946	0.283875	0.045649	0.042292	0.069093	0.028332	0.058999	0.104917	0.072081	0.070836	0.057886	0.100269	0.108317	0.046356	0.024087	0.058563	0.062762	0.049559	3873216.0	3873216.0
-39	0.186621	0.306041	0.312254	0.195084	0.147131	0.385979	0.280887	0.283145	0.045619	0.043002	0.069711	0.028290	0.058705	0.104465	0.072399	0.070472	0.057359	0.100917	0.108198	0.045779	0.024000	0.058986	0.062876	0.049222	3873219.0	3873219.0
-38	0.185683	0.307369	0.313184	0.193764	0.145247	0.387262	0.282616	0.279563	0.045893	0.042499	0.070054	0.027238	0.059198	0.103552	0.074412	0.070207	0.058331	0.100960	0.108338	0.045555	0.023964	0.057651	0.063997	0.048152	3873219.0	3873219.0
-37	0.187385	0.304662	0.316801	0.191153	0.146208	0.384983	0.289278	0.272218	0.047145	0.041416	0.071599	0.027226	0.059984	0.099280	0.075714	0.069682	0.060344	0.099799	0.110190	0.046468	0.023877	0.055295	0.064020	0.047960	3873219.0	3873218.0
-36	0.191351	0.295790	0.321523	0.191336	0.149156	0.378001	0.297977	0.265270	0.049057	0.041576	0.073012	0.027705	0.059956	0.093646	0.073791	0.068397	0.064277	0.098934	0.111630	0.046682	0.024349	0.055182	0.063760	0.048045	3873218.0	3873218.0
-35	0.197639	0.289338	0.322194	0.190829	0.150175	0.374641	0.302533	0.261218	0.050365	0.042509	0.076666	0.028100	0.058614	0.092075	0.072015	0.066634	0.064637	0.099686	0.110865	0.047006	0.024393	0.055191	0.063928	0.047318	3873219.0	3873219.0
-34	0.198008	0.289460	0.323474	0.189057	0.145952	0.379250	0.301803	0.262635	0.048073	0.043523	0.078429	0.027983	0.056729	0.094261	0.070962	0.067507	0.061325	0.100050	0.113977	0.048124	0.024056	0.055026	0.064136	0.045839	3873219.0	3873219.0
-33	0.190184	0.292861	0.327503	0.189453	0.143026	0.385193	0.292553	0.270678	0.043715	0.043085	0.074582	0.028802	0.054692	0.097586	0.069224	0.071359	0.057655	0.101783	0.116601	0.051464	0.024134	0.055359	0.063585	0.046374	3873219.0	3873219.0
-32	0.180197	0.297812	0.323992	0.197999	0.147321	0.381548	0.279718	0.280551	0.041687	0.040947	0.068927	0.028636	0.054733	0.098719	0.068314	0.076046	0.056764	0.102173	0.112341	0.052714	0.027518	0.056306	0.064695	0.049480	3873219.0	3873219.0
-31	0.180701	0.298146	0.314277	0.206876	0.161075	0.368336	0.273194	0.281860	0.042499	0.040347	0.065756	0.032099	0.057761	0.095466	0.067365	0.077554	0.057216	0.097781	0.107724	0.051556	0.032919	0.055282	0.065117	0.053557	3873219.0	3873219.0
-30	0.190395	0.288877	0.305962	0.214767	0.176941	0.350428	0.271242	0.279634	0.045623	0.044157	0.064844	0.035771	0.059903	0.091884	0.061900	0.075190	0.058524	0.094394	0.102251	0.050793	0.037930	0.054943	0.064277	0.057617	3873219.0	3873219.0
-29	0.201981	0.285377	0.293271	0.219371	0.193097	0.333885	0.273077	0.280881	0.052677	0.045981	0.063734	0.039588	0.062123	0.091532	0.058538	0.073185	0.060556	0.087706	0.096109	0.048900	0.040820	0.056153	0.062386	0.060012	3873219.0	3873218.0
-28	0.216176	0.281372	0.280767	0.221684	0.207926	0.310261	0.284194	0.279938	0.063222	0.044830	0.068415	0.039709	0.062717	0.085896	0.057102	0.075657	0.064136	0.078842	0.088421	0.049368	0.042530	0.055919	0.060770	0.062465	3873218.0	3873216.0
-27	0.232604	0.265488	0.274708	0.227200	0.217953	0.296065	0.299154	0.277497	0.074741	0.043831	0.076062	0.037971	0.057328	0.080921	0.054549	0.072690	0.063523	0.075767	0.084829	0.050589	0.041943	0.060587	0.061372	0.063298	3873217.0	3873212.0
-26	0.237535	0.261107	0.276811	0.224548	0.200238	0.315203	0.302378	0.276585	0.072169	0.046222	0.083339	0.035805	0.050997	0.086274	0.056612	0.067223	0.055400	0.080846	0.091470	0.049094	0.035253	0.066077	0.066207	0.057011	3873214.0	3873214.0
-25	0.213820	0.279420	0.297628	0.209133	0.167719	0.353036	0.298608	0.271277	0.057650	0.044326	0.081038	0.030805	0.053928	0.093007	0.064534	0.067950	0.054444	0.090019	0.105475	0.047689	0.030331	0.061387	0.068482	0.048932	3873219.0	3873218.0
-24	0.196354	0.288740	0.319530	0.195377	0.148118	0.377880	0.293104	0.268578	0.047363	0.044024	0.076534	0.028434	0.054830	0.095910	0.068774	0.069224	0.057114	0.101103	0.112093	0.049219	0.025623	0.056745	0.066310	0.046698	3873218.0	3873206.0
-23	0.184931	0.297782	0.323712	0.193575	0.137476	0.390435	0.289594	0.267949	0.043558	0.042161	0.073871	0.025341	0.057858	0.097695	0.074407	0.067820	0.058984	0.105152	0.113181	0.046395	0.023421	0.057278	0.067721	0.045155	3873207.0	3873199.0
-22	0.183821	0.302287	0.329179	0.184714	0.133340	0.395943	0.293462	0.263473	0.044059	0.042111	0.073288	0.024364	0.059209	0.098255	0.077047	0.067774	0.061352	0.105878	0.114763	0.047187	0.021807	0.054333	0.065463	0.043111	3873211.0	3873198.0
-21	0.186426	0.300577	0.330560	0.182437	0.134662	0.393488	0.294298	0.260980	0.044581	0.041810	0.074498	0.025538	0.058623	0.096049	0.077093	0.068810	0.061391	0.106518	0.113828	0.048824	0.021382	0.052960	0.064934	0.043161	3873206.0	3873199.0
-20	0.185976	0.297336	0.330352	0.186336	0.135798	0.390426	0.290146	0.262130	0.043837	0.042379	0.073952	0.025808	0.057129	0.094768	0.076748	0.068690	0.060912	0.107465	0.111445	0.050531	0.021583	0.054102	0.066080	0.044570	3873212.0	3873204.0
-19	0.183460	0.298715	0.328225	0.189600	0.138662	0.387464	0.280829	0.269457	0.043412	0.043126	0.070288	0.026636	0.057786	0.096879	0.074007	0.070041	0.059892	0.109341	0.107237	0.051756	0.022153	0.056075	0.064910	0.046462	3873212.0	3873206.0
-18	0.183243	0.305419	0.316442	0.194896	0.142393	0.383865	0.271220	0.281411	0.044093	0.044154	0.068096	0.026900	0.057918	0.100112	0.074524	0.072866	0.057442	0.107641	0.101589	0.049770	0.022656	0.059689	0.063806	0.048745	3873214.0	3873211.0
-17	0.182108	0.311596	0.308015	0.198282	0.144239	0.381777	0.269697	0.287710	0.044054	0.043339	0.068044	0.026671	0.060001	0.102512	0.075525	0.073557	0.056353	0.102494	0.101246	0.047922	0.022576	0.060702	0.064066	0.050938	3873217.0	3873212.0
-16	0.182983	0.309047	0.308881	0.199089	0.146244	0.378205	0.275850	0.285852	0.044641	0.041599	0.069928	0.026815	0.059461	0.098622	0.076200	0.074763	0.057087	0.099190	0.104193	0.048411	0.022509	0.060189	0.064113	0.052278	3873215.0	3873210.0
-15	0.183698	0.299600	0.314435	0.202268	0.147101	0.377402	0.283963	0.276666	0.045138	0.040031	0.072086	0.026443	0.058966	0.092815	0.075471	0.072346	0.057748	0.100124	0.108992	0.047571	0.022955	0.058939	0.067809	0.052565	3873215.0	3873210.0
-14	0.184807	0.291910	0.324357	0.198926	0.144908	0.384144	0.285819	0.273032	0.045106	0.042808	0.070976	0.025917	0.056298	0.094188	0.073149	0.068273	0.060247	0.107316	0.109490	0.047304	0.023139	0.059824	0.065217	0.050747	3873215.0	3873212.0
-13	0.184790	0.304136	0.318832	0.192242	0.140069	0.391287	0.281023	0.280212	0.044719	0.044565	0.070066	0.025441	0.057754	0.104070	0.073213	0.069099	0.059947	0.107713	0.106292	0.044881	0.022912	0.060047	0.062287	0.046997	3873217.0	3873215.0
-12	0.185331	0.316393	0.311857	0.186419	0.138076	0.390519	0.277140	0.286601	0.043426	0.044473	0.071384	0.026048	0.059035	0.107745	0.073991	0.075622	0.057145	0.103598	0.105185	0.045930	0.022317	0.056950	0.060867	0.046285	3873218.0	3873216.0
-11	0.181923	0.312765	0.311427	0.193885	0.145551	0.376391	0.277737	0.284699	0.045746	0.040247	0.069131	0.026800	0.059373	0.099858	0.074586	0.078948	0.059850	0.098937	0.103010	0.049630	0.023565	0.056453	0.064426	0.049441	3873218.0	3873216.0
-10	0.188534	0.295494	0.311153	0.204819	0.152767	0.366350	0.285082	0.280946	0.046803	0.040505	0.073676	0.027549	0.056531	0.092473	0.070914	0.075575	0.058934	0.097294	0.105669	0.049257	0.024612	0.059095	0.067309	0.053803	3873218.0	3873216.0
-9	0.186880	0.289367	0.317568	0.206184	0.155259	0.363152	0.292071	0.273866	0.046927	0.039194	0.072928	0.027832	0.059804	0.088512	0.068834	0.072217	0.062276	0.095865	0.109940	0.049488	0.025549	0.058184	0.067499	0.054952	3873218.0	3873215.0
-8	0.194555	0.281756	0.319201	0.204488	0.156201	0.361485	0.292538	0.266269	0.049354	0.041877	0.074391	0.028932	0.058291	0.087983	0.067347	0.068134	0.062697	0.100059	0.106095	0.050349	0.025567	0.057804	0.068769	0.052348	3873217.0	3873215.0
-7	0.195910	0.287724	0.316602	0.199764	0.155639	0.361588	0.293000	0.269806	0.049125	0.041298	0.076657	0.028829	0.058962	0.089363	0.067885	0.071514	0.061668	0.098790	0.105550	0.050594	0.024999	0.056243	0.065837	0.052686	3873218.0	3873216.0
-6	0.194753	0.285695	0.315928	0.203623	0.165457	0.343732	0.290032	0.287718	0.050230	0.041782	0.071410	0.031330	0.057098	0.089105	0.059145	0.080347	0.065896	0.092986	0.102495	0.054552	0.024267	0.058637	0.061090	0.059629	3873218.0	3873216.0
-5	0.197491	0.282511	0.294140	0.225858	0.157211	0.349841	0.261060	0.303864	0.051692	0.052035	0.066772	0.026992	0.059229	0.102441	0.056193	0.064648	0.061779	0.110391	0.080816	0.041155	0.027518	0.085766	0.061565	0.051009	3873218.0	3873215.0
-4	0.200218	0.350632	0.265346	0.183804	0.145204	0.361798	0.285759	0.292893	0.046978	0.038568	0.086180	0.028492	0.063947	0.097754	0.091000	0.097932	0.050207	0.070650	0.102394	0.042095	0.019878	0.047352	0.066718	0.049856	3873217.0	3873217.0
-3	0.181010	0.254324	0.346292	0.218374	0.152147	0.364983	0.295929	0.290750	0.032634	0.037532	0.080086	0.030758	0.039006	0.078558	0.057508	0.079253	0.053550	0.099258	0.129659	0.063825	0.016442	0.060627	0.068993	0.072313	3873220.0	3873220.0
-2	0.141632	0.275975	0.336246	0.246148	0.132956	0.406464	0.153176	0.454683	0.015229	0.068084	0.031375	0.026944	0.014148	0.155361	0.017475	0.088991	0.033643	0.160699	0.072929	0.068975	0.007310	0.126857	0.028507	0.083473	3873220.0	3873220.0
-1	0.070330	0.511002	0.150286	0.268383	0.154867	0.207080	0.209899	0.142867	0.031377	0.001933	0.035427	0.001593	0.324801	0.054513	0.092190	0.039497	0.086697	0.003979	0.056398	0.003212	0.105855	0.032815	0.113671	0.016043	3873220.0	3873220.0
0	0.548729	0.093239	0.297686	0.060345	0.235483	0.141489	0.457324	0.113226	0.092910	0.109234	0.232628	0.113957	0.013550	0.015652	0.008221	0.055816	0.087823	0.073652	0.043963	0.092248	0.006356	0.019497	0.012231	0.022260	3873220.0	3873220.0
1	0.200638	0.218036	0.297044	0.284282	0.216047	0.219681	0.297778	0.284515	0.045082	0.038523	0.080957	0.036076	0.058458	0.043595	0.037810	0.078173	0.085151	0.051688	0.086588	0.073617	0.040278	0.068136	0.081256	0.094611	3873220.0	3873220.0
2	0.228969	0.201942	0.286612	0.282477	0.208009	0.240046	0.309491	0.277859	0.050331	0.049643	0.092583	0.036412	0.040168	0.046438	0.044301	0.071035	0.076144	0.058874	0.090433	0.061160	0.034611	0.073732	0.087479	0.086655	3873220.0	3873219.0
3	0.201254	0.228687	0.314796	0.255262	0.194714	0.278434	0.282607	0.285577	0.049065	0.052312	0.064653	0.035224	0.038311	0.059206	0.053235	0.077936	0.084515	0.081619	0.084374	0.064288	0.030173	0.068184	0.076653	0.080251	3873219.0	3873219.0
4	0.202064	0.261321	0.278916	0.257700	0.187022	0.287277	0.252119	0.305865	0.048928	0.053639	0.063313	0.036184	0.038581	0.074023	0.060007	0.088710	0.067042	0.080410	0.072836	0.058627	0.029673	0.070895	0.084895	0.072237	3873220.0	3873220.0
5	0.184223	0.278967	0.281051	0.255759	0.163870	0.317484	0.262284	0.284820	0.043783	0.046421	0.063927	0.030093	0.043374	0.071048	0.079893	0.084653	0.064540	0.076509	0.090034	0.049968	0.029769	0.068894	0.096870	0.060226	3873220.0	3873220.0
6	0.181465	0.262871	0.330724	0.224939	0.152530	0.330744	0.286028	0.263590	0.045138	0.043186	0.064361	0.028780	0.041526	0.066828	0.070808	0.083710	0.073491	0.090071	0.103038	0.064124	0.027361	0.061802	0.084526	0.051251	3873220.0	3873219.0
7	0.187516	0.261886	0.322732	0.227866	0.152634	0.330249	0.284085	0.269376	0.045587	0.044911	0.067584	0.029434	0.039312	0.070977	0.069462	0.082135	0.071764	0.090658	0.099151	0.061159	0.026656	0.065307	0.084946	0.050956	3873219.0	3873219.0
8	0.183319	0.271854	0.321142	0.223685	0.149176	0.332950	0.290481	0.268040	0.044457	0.040228	0.070845	0.027788	0.042373	0.069687	0.072968	0.086826	0.071264	0.086381	0.103914	0.059583	0.025715	0.060311	0.086443	0.051216	3873220.0	3873220.0
9	0.183809	0.256607	0.334170	0.225414	0.144552	0.332577	0.303610	0.253133	0.043497	0.039161	0.074736	0.026415	0.040800	0.062495	0.071239	0.082074	0.076822	0.090289	0.108555	0.058505	0.025648	0.059573	0.091201	0.048991	3873220.0	3873220.0
10	0.186767	0.251517	0.345730	0.215985	0.142402	0.335080	0.320753	0.241122	0.045827	0.038906	0.076539	0.025494	0.040414	0.060316	0.070453	0.080334	0.083311	0.089236	0.115076	0.058108	0.025042	0.054434	0.090471	0.046038	3873220.0	3873220.0
11	0.194595	0.242892	0.352538	0.209974	0.142510	0.335061	0.336004	0.229757	0.048058	0.040743	0.079964	0.025830	0.041097	0.056872	0.068200	0.076725	0.086740	0.088749	0.121241	0.055809	0.024918	0.052458	0.088895	0.043704	3873220.0	3873220.0
12	0.200813	0.238821	0.358300	0.202067	0.141014	0.338493	0.331243	0.233881	0.047810	0.046694	0.079346	0.026963	0.038850	0.059611	0.062857	0.077503	0.086798	0.098736	0.117289	0.055476	0.023485	0.054011	0.081814	0.042756	3873220.0	3873220.0
13	0.196943	0.259052	0.341307	0.202698	0.141122	0.333035	0.308563	0.252704	0.046532	0.048644	0.074141	0.027626	0.042733	0.067075	0.062330	0.086913	0.083375	0.099116	0.104514	0.054302	0.023902	0.055655	0.080080	0.043062	3873220.0	3873220.0
14	0.196543	0.270489	0.321065	0.211903	0.141159	0.329002	0.292461	0.270712	0.044116	0.049585	0.074862	0.027980	0.042395	0.069982	0.064574	0.093538	0.073512	0.094476	0.099971	0.053106	0.023107	0.061236	0.081604	0.045956	3873220.0	3873220.0
15	0.183130	0.275279	0.321011	0.220580	0.139960	0.332923	0.284775	0.281793	0.042135	0.045505	0.069653	0.025837	0.044356	0.072475	0.063040	0.095407	0.073031	0.097452	0.099956	0.050572	0.023998	0.065921	0.082672	0.047990	3873220.0	3873220.0
16	0.183520	0.281353	0.315321	0.219806	0.133429	0.338159	0.282929	0.281201	0.039955	0.044697	0.074181	0.024686	0.042740	0.075671	0.067666	0.095276	0.069268	0.095298	0.099524	0.051230	0.022349	0.063816	0.087202	0.046438	3873220.0	3873220.0
17	0.174312	0.279483	0.328574	0.217631	0.130334	0.339918	0.297966	0.265562	0.040308	0.040417	0.070992	0.022595	0.048234	0.070897	0.068617	0.091734	0.078757	0.092495	0.107909	0.049413	0.023827	0.059327	0.090874	0.043604	3873220.0	3873219.0
18	0.191126	0.263136	0.338392	0.207346	0.137649	0.329941	0.312095	0.254897	0.046510	0.043574	0.075774	0.025268	0.045739	0.068186	0.061402	0.087809	0.083794	0.094337	0.106016	0.054244	0.023493	0.056522	0.084952	0.042379	3873219.0	3873219.0
19	0.199536	0.262619	0.328144	0.209700	0.139709	0.328373	0.312519	0.251329	0.048524	0.046288	0.079297	0.025426	0.047545	0.070014	0.062372	0.082688	0.082149	0.093439	0.102549	0.050008	0.024413	0.057282	0.086660	0.041345	3873220.0	3873220.0
20	0.202631	0.267023	0.330878	0.199468	0.136783	0.334911	0.318052	0.243664	0.048748	0.046651	0.081824	0.025409	0.049951	0.070199	0.064996	0.081876	0.080690	0.092925	0.106790	0.050473	0.023984	0.052946	0.083895	0.038642	3873220.0	3873220.0
21	0.203373	0.262721	0.337505	0.196400	0.135486	0.335735	0.326553	0.235727	0.048971	0.044899	0.084109	0.025394	0.050397	0.067788	0.064632	0.079905	0.082724	0.092566	0.110749	0.051466	0.023779	0.050693	0.084586	0.037342	3873220.0	3873220.0
22	0.205871	0.255946	0.344076	0.194107	0.134763	0.335965	0.335515	0.224706	0.049412	0.043683	0.087192	0.025584	0.049538	0.064296	0.065841	0.076271	0.084809	0.091726	0.114102	0.053440	0.023570	0.047942	0.086398	0.036196	3873220.0	3873220.0
23	0.207329	0.247646	0.353533	0.191492	0.136791	0.335551	0.342539	0.216771	0.050412	0.043433	0.087328	0.026156	0.049860	0.060655	0.064184	0.072947	0.087561	0.093475	0.117237	0.055259	0.024083	0.047029	0.084241	0.036140	3873220.0	3873220.0
24	0.211916	0.244592	0.352990	0.190502	0.140277	0.332595	0.335965	0.216799	0.051429	0.045928	0.087062	0.027498	0.051287	0.061228	0.061416	0.070662	0.085649	0.098125	0.111826	0.057390	0.024698	0.048256	0.080895	0.036653	3873220.0	3873220.0
25	0.213061	0.253537	0.341200	0.192202	0.139897	0.332267	0.329004	0.217940	0.051570	0.046592	0.087747	0.027153	0.055194	0.063228	0.064666	0.070449	0.082044	0.096729	0.107643	0.054783	0.025476	0.048565	0.082463	0.035698	3873220.0	3873219.0
26	0.214284	0.255114	0.342519	0.188083	0.133166	0.341555	0.334896	0.207864	0.049445	0.046012	0.093267	0.025560	0.058555	0.061542	0.067909	0.067108	0.076654	0.096574	0.115530	0.053761	0.024840	0.045892	0.084029	0.033322	3873219.0	3873219.0
27	0.209494	0.250020	0.360735	0.179751	0.125610	0.354561	0.339622	0.203938	0.045488	0.046839	0.092834	0.024333	0.058758	0.063081	0.064088	0.064093	0.075699	0.101790	0.125601	0.057645	0.023065	0.044039	0.079923	0.032724	3873220.0	3873220.0
28	0.203009	0.255750	0.362446	0.178795	0.125998	0.350041	0.328865	0.212695	0.042701	0.047722	0.087527	0.025059	0.062459	0.065125	0.061650	0.066515	0.077220	0.101849	0.121417	0.061961	0.022745	0.045563	0.074995	0.035492	3873220.0	3873220.0
29	0.205126	0.260259	0.345588	0.189027	0.131260	0.342438	0.312062	0.226890	0.041353	0.050301	0.086085	0.027386	0.061457	0.067441	0.062043	0.069318	0.071848	0.100178	0.112776	0.060787	0.022903	0.050512	0.075993	0.039618	3873220.0	3873220.0
30	0.197560	0.268432	0.336898	0.197110	0.133401	0.344195	0.293728	0.242688	0.039587	0.049356	0.080546	0.028072	0.059978	0.071586	0.063594	0.073274	0.066285	0.101706	0.107310	0.061597	0.022763	0.054849	0.076519	0.042979	3873220.0	3873215.0
31	0.188613	0.277497	0.327969	0.205922	0.136847	0.346374	0.280408	0.259257	0.038768	0.046402	0.075235	0.028207	0.058298	0.075975	0.065008	0.078216	0.062600	0.101587	0.103804	0.059978	0.023150	0.058345	0.077705	0.046722	3873215.0	3873215.0
32	0.182816	0.282308	0.321753	0.213124	0.143273	0.345243	0.276357	0.269896	0.040249	0.043102	0.071541	0.027924	0.057524	0.078691	0.065423	0.080670	0.062098	0.098660	0.102469	0.058525	0.024535	0.059970	0.078053	0.050565	3873220.0	3873219.0
33	0.184407	0.280423	0.317487	0.217684	0.151891	0.340092	0.278738	0.277456	0.043318	0.041473	0.070477	0.029138	0.056193	0.079726	0.062990	0.081513	0.062908	0.095342	0.102034	0.057202	0.025215	0.061997	0.076252	0.054220	3873219.0	3873219.0
34	0.187635	0.278538	0.311754	0.222073	0.159422	0.334724	0.281990	0.283839	0.045993	0.040840	0.071102	0.029700	0.055447	0.081585	0.060530	0.080976	0.064117	0.091831	0.100778	0.055028	0.025589	0.063138	0.075207	0.058140	3873219.0	3873219.0
35	0.191145	0.277394	0.307617	0.223844	0.164949	0.332402	0.284879	0.285262	0.047714	0.040558	0.072354	0.030519	0.054506	0.081654	0.060820	0.080413	0.064432	0.089549	0.100379	0.053257	0.026149	0.062628	0.074501	0.060567	3873219.0	3873219.0
36	0.192801	0.274389	0.308053	0.224756	0.166198	0.332316	0.286680	0.284198	0.048890	0.040793	0.072790	0.030329	0.054246	0.081369	0.060294	0.078480	0.064595	0.090247	0.100406	0.052806	0.026208	0.063576	0.074200	0.060772	3873219.0	3873218.0
37	0.193938	0.275985	0.307690	0.222386	0.164406	0.335103	0.289338	0.282339	0.048528	0.040741	0.074494	0.030176	0.054808	0.082645	0.060579	0.077953	0.064473	0.090036	0.101843	0.051339	0.026430	0.062469	0.074214	0.059272	3873218.0	3873217.0
38	0.194239	0.275890	0.311131	0.218740	0.162340	0.338410	0.291362	0.279575	0.048229	0.041053	0.074998	0.029958	0.054560	0.082955	0.060956	0.077420	0.064965	0.091329	0.103170	0.051667	0.026267	0.061316	0.073272	0.057885	3873218.0	3873218.0
39	0.194022	0.276653	0.312395	0.216930	0.159989	0.339516	0.292303	0.277895	0.047417	0.040946	0.075832	0.029826	0.055154	0.082942	0.061125	0.077432	0.065459	0.091854	0.103595	0.051487	0.026561	0.061335	0.072849	0.056185	3873219.0	3873219.0
40	0.194590	0.277078	0.313401	0.214931	0.157383	0.340992	0.291042	0.278122	0.046307	0.041243	0.076847	0.030192	0.054641	0.083394	0.061050	0.077993	0.064152	0.092813	0.103735	0.052701	0.025482	0.061334	0.072715	0.055401	3873219.0	3873219.0
41	0.190582	0.278783	0.314347	0.216287	0.155660	0.343717	0.287573	0.281308	0.044416	0.041011	0.075854	0.029301	0.054699	0.084393	0.061696	0.077995	0.063396	0.093720	0.103907	0.053324	0.025614	0.062591	0.071753	0.056329	3873219.0	3873219.0
42	0.188125	0.281715	0.313211	0.216949	0.152097	0.346472	0.282308	0.287000	0.042435	0.041525	0.075111	0.029054	0.053347	0.085675	0.061515	0.081178	0.060657	0.095177	0.104105	0.053272	0.024811	0.064350	0.071991	0.055797	3873219.0	3873219.0
43	0.181250	0.286727	0.312722	0.219302	0.146511	0.351600	0.274455	0.293895	0.039437	0.040450	0.073451	0.027911	0.052651	0.088222	0.062065	0.083788	0.058005	0.097751	0.103561	0.053404	0.024346	0.067067	0.073072	0.054817	3873219.0	3873219.0
44	0.174439	0.293491	0.312149	0.219921	0.141246	0.356493	0.270259	0.300716	0.037483	0.038793	0.071408	0.026756	0.052853	0.090761	0.063098	0.086779	0.055775	0.097040	0.105594	0.053740	0.023722	0.069891	0.073022	0.053286	3873219.0	3873218.0
45	0.169832	0.296485	0.313122	0.220561	0.138063	0.359716	0.268964	0.304019	0.036770	0.037466	0.069810	0.025787	0.052958	0.092993	0.062994	0.087540	0.056654	0.097999	0.105730	0.052739	0.023966	0.071946	0.073108	0.051540	3873218.0	3873218.0
46	0.170348	0.300404	0.311642	0.217606	0.136203	0.363190	0.272018	0.303125	0.037883	0.036963	0.070404	0.025098	0.054085	0.096489	0.063843	0.085987	0.057617	0.096745	0.106113	0.051166	0.023739	0.071166	0.073218	0.049483	3873219.0	3873218.0
47	0.173325	0.301363	0.313578	0.211735	0.139246	0.363586	0.278946	0.296396	0.040667	0.036553	0.070769	0.025336	0.056734	0.096867	0.064068	0.083694	0.060720	0.095861	0.106790	0.050207	0.024717	0.067311	0.071182	0.048525	3873218.0	3873214.0
48	0.182838	0.296591	0.312808	0.207762	0.146365	0.359370	0.285887	0.287730	0.044691	0.038360	0.072989	0.026798	0.057224	0.095207	0.063902	0.080257	0.062632	0.094687	0.105575	0.049916	0.025473	0.062864	0.070024	0.049402	3873215.0	3873206.0
49	0.190020	0.291117	0.312489	0.206374	0.151595	0.354959	0.290586	0.281004	0.047086	0.039895	0.074936	0.028104	0.057829	0.092763	0.063200	0.077325	0.063091	0.093522	0.105474	0.050402	0.025892	0.060403	0.069566	0.050514	3873210.0	3873208.0
50	0.193896	0.286582	0.313175	0.206346	0.156903	0.351575	0.293598	0.277992	0.048515	0.041199	0.074802	0.029380	0.057889	0.090782	0.062241	0.075670	0.063791	0.092063	0.106489	0.050831	0.026650	0.059182	0.068157	0.052358	3873217.0	3873217.0
51	0.196845	0.283225	0.311690	0.208240	0.161422	0.346634	0.293877	0.278729	0.050083	0.042150	0.074493	0.030119	0.057681	0.089923	0.060700	0.074921	0.064173	0.090884	0.105128	0.051505	0.026887	0.059553	0.067468	0.054332	3873219.0	3873219.0
52	0.198825	0.282510	0.307788	0.210877	0.165293	0.344471	0.292399	0.280818	0.050690	0.042406	0.074693	0.031036	0.057360	0.090509	0.059723	0.074918	0.063119	0.090341	0.103898	0.050431	0.027344	0.059168	0.068142	0.056224	3873219.0	3873219.0
53	0.198512	0.282424	0.306456	0.212608	0.168498	0.342177	0.291181	0.281473	0.051340	0.042310	0.072982	0.031880	0.058654	0.089856	0.059976	0.073939	0.063177	0.088663	0.103681	0.050934	0.027669	0.060071	0.067260	0.057608	3873219.0	3873219.0
54	0.200841	0.280899	0.303899	0.214360	0.171131	0.339392	0.291866	0.282329	0.052156	0.042378	0.074031	0.032276	0.057751	0.089659	0.059252	0.074237	0.062935	0.087736	0.102744	0.050484	0.028078	0.059811	0.067850	0.058622	3873219.0	3873219.0
55	0.200919	0.279585	0.303877	0.215618	0.170872	0.339941	0.292736	0.281856	0.051666	0.042488	0.074611	0.032153	0.057339	0.088808	0.059674	0.073764	0.062190	0.087191	0.104269	0.050228	0.027861	0.060092	0.068473	0.059192	3873219.0	3873218.0
56	0.199055	0.278579	0.307027	0.215338	0.170113	0.341575	0.293299	0.280535	0.050896	0.042322	0.073873	0.031964	0.057237	0.088528	0.059666	0.073147	0.062986	0.087838	0.105544	0.050660	0.028399	0.060006	0.068079	0.058854	3873218.0	3873215.0
57	0.199518	0.278694	0.307162	0.214626	0.169295	0.343338	0.293804	0.280792	0.051171	0.042029	0.074410	0.031909	0.056839	0.089192	0.059526	0.073137	0.062622	0.089020	0.105601	0.049919	0.027763	0.060011	0.068399	0.058452	3873216.0	3873216.0
58	0.198395	0.280251	0.307936	0.213418	0.166914	0.346066	0.292391	0.281142	0.050035	0.042392	0.074094	0.031875	0.056975	0.090908	0.059631	0.072738	0.062098	0.089363	0.106164	0.050311	0.027748	0.060240	0.068174	0.057257	3873219.0	3873219.0
59	0.196855	0.282902	0.308062	0.212180	0.165820	0.347091	0.290720	0.282129	0.049960	0.042573	0.072989	0.031334	0.057471	0.091421	0.060094	0.073916	0.061601	0.089405	0.106171	0.050886	0.027753	0.060019	0.067634	0.056773	3873219.0	3873218.0
60	0.196785	0.283419	0.306888	0.212908	0.167189	0.345921	0.288305	0.283919	0.050112	0.042409	0.072649	0.031614	0.057578	0.091539	0.059582	0.074719	0.061123	0.090379	0.104421	0.050965	0.027978	0.060176	0.067269	0.057485	3873218.0	3873215.0
61	0.196791	0.284503	0.303922	0.214784	0.168722	0.345704	0.287415	0.286170	0.050734	0.042005	0.072220	0.031832	0.057504	0.092944	0.059594	0.074462	0.060705	0.089411	0.103756	0.050050	0.028329	0.060937	0.067691	0.057827	3873216.0	3873215.0
62	0.197272	0.285296	0.303260	0.214172	0.171525	0.344171	0.286608	0.287180	0.051552	0.041785	0.071348	0.032587	0.057772	0.093191	0.059214	0.075118	0.060967	0.089026	0.102739	0.050528	0.028583	0.060068	0.066718	0.058803	3873218.0	3873216.0
63	0.198875	0.284070	0.300020	0.217036	0.175536	0.340077	0.286943	0.288692	0.052713	0.041611	0.071590	0.032960	0.057890	0.092607	0.058832	0.074741	0.060885	0.086883	0.101755	0.050497	0.029023	0.060505	0.066669	0.060839	3873217.0	3873216.0
64	0.200510	0.281606	0.298846	0.219038	0.177641	0.337230	0.287692	0.288822	0.053302	0.042417	0.071364	0.033428	0.057389	0.091522	0.058080	0.074614	0.061207	0.085809	0.101819	0.050010	0.029400	0.061174	0.066953	0.061511	3873218.0	3873218.0
65	0.201298	0.280922	0.298215	0.219564	0.178224	0.337083	0.289680	0.287564	0.053863	0.042051	0.072087	0.033297	0.057393	0.091334	0.058306	0.073890	0.061619	0.085332	0.102111	0.049154	0.029444	0.060721	0.067780	0.061620	3873219.0	3873219.0
66	0.202319	0.279438	0.300283	0.217960	0.176642	0.338733	0.291887	0.285866	0.053437	0.042566	0.072962	0.033353	0.057329	0.090977	0.057963	0.073169	0.061124	0.085429	0.104364	0.049366	0.028972	0.060840	0.067268	0.060880	3873219.0	3873219.0
67	0.200862	0.279813	0.302557	0.216769	0.172411	0.341948	0.291512	0.283783	0.051758	0.042976	0.073645	0.032484	0.057198	0.090886	0.059111	0.072617	0.061608	0.087448	0.104502	0.048999	0.028858	0.060968	0.067630	0.059312	3873219.0	3873219.0
68	0.199422	0.282279	0.304889	0.213411	0.168177	0.346037	0.292406	0.282353	0.050943	0.042621	0.074082	0.031776	0.057711	0.091775	0.059781	0.073011	0.061220	0.088320	0.106161	0.049188	0.028057	0.060166	0.067787	0.057401	3873219.0	3873219.0
69	0.197931	0.282882	0.307811	0.211376	0.165815	0.348953	0.292079	0.281025	0.049880	0.042912	0.073669	0.031469	0.057784	0.092260	0.060103	0.072735	0.061692	0.089752	0.106837	0.049529	0.027992	0.059557	0.067354	0.056473	3873219.0	3873219.0
70	0.197348	0.284482	0.307964	0.210206	0.165227	0.350249	0.289449	0.282674	0.049666	0.043276	0.072636	0.031771	0.057820	0.093572	0.059808	0.073282	0.061040	0.090761	0.106108	0.050055	0.027869	0.059898	0.066518	0.055921	3873219.0	3873219.0
71	0.196394	0.287508	0.305069	0.211029	0.167405	0.348588	0.286920	0.285980	0.049891	0.042754	0.071624	0.032125	0.058798	0.094576	0.059688	0.074445	0.060825	0.089744	0.104580	0.049921	0.028156	0.059725	0.065915	0.057233	3873219.0	3873219.0
72	0.197670	0.286799	0.301807	0.213724	0.169959	0.345238	0.285109	0.288901	0.050755	0.042969	0.071459	0.032487	0.058109	0.095788	0.058735	0.074167	0.060936	0.088756	0.101959	0.050156	0.028509	0.060738	0.066269	0.058208	3873219.0	3873219.0
73	0.198309	0.288251	0.298422	0.215018	0.172450	0.342669	0.284084	0.291179	0.051460	0.042852	0.071022	0.032976	0.058976	0.096273	0.058344	0.074659	0.060364	0.086814	0.101239	0.050005	0.028977	0.061210	0.065794	0.059038	3873219.0	3873219.0
74	0.199776	0.287149	0.296398	0.216677	0.174735	0.339976	0.285505	0.291372	0.052136	0.042951	0.071672	0.033016	0.059161	0.096072	0.057960	0.073956	0.061183	0.085431	0.100514	0.049271	0.029374	0.061135	0.065959	0.060209	3873219.0	3873218.0
75	0.201853	0.285590	0.296105	0.216452	0.175915	0.339670	0.287998	0.289080	0.052755	0.042807	0.072540	0.033753	0.058792	0.095085	0.057971	0.073742	0.060948	0.084859	0.101756	0.048542	0.029593	0.060439	0.066606	0.059815	3873218.0	3873217.0
76	0.202088	0.283189	0.298872	0.215852	0.173948	0.341420	0.290786	0.286414	0.052194	0.043258	0.073221	0.033415	0.058404	0.093950	0.057987	0.072848	0.061430	0.085542	0.103941	0.047959	0.029246	0.060524	0.066989	0.059092	3873218.0	3873218.0
77	0.201274	0.283273	0.302138	0.213315	0.171464	0.344396	0.293109	0.282680	0.051635	0.043183	0.073870	0.032586	0.058712	0.093425	0.059186	0.071950	0.062226	0.086408	0.105377	0.048126	0.029173	0.059235	0.066837	0.058070	3873219.0	3873219.0
78	0.201746	0.282251	0.305270	0.210732	0.169734	0.346651	0.294294	0.279631	0.051583	0.043482	0.074066	0.032615	0.058636	0.092566	0.059589	0.071460	0.062259	0.088110	0.106386	0.048515	0.028567	0.058637	0.066560	0.056968	3873219.0	3873218.0
79	0.201046	0.282795	0.306600	0.209559	0.167116	0.348055	0.293291	0.279820	0.050762	0.043789	0.073992	0.032504	0.058349	0.093261	0.059434	0.071751	0.062261	0.089084	0.106277	0.048979	0.028062	0.059020	0.066689	0.055789	3873218.0	3873217.0
80	0.199434	0.285153	0.306391	0.209022	0.166639	0.348855	0.290856	0.282159	0.050252	0.043943	0.073054	0.032185	0.059347	0.094742	0.058765	0.072300	0.062155	0.089952	0.105395	0.048888	0.028021	0.058937	0.065883	0.056181	3873218.0	3873216.0
81	0.199775	0.287574	0.303097	0.209553	0.168250	0.347158	0.287540	0.286616	0.050718	0.044112	0.072198	0.032747	0.058991	0.095865	0.058881	0.073838	0.061242	0.089031	0.103382	0.049443	0.027870	0.059997	0.064770	0.056916	3873217.0	3873217.0
82	0.198821	0.289005	0.299231	0.212944	0.169736	0.345330	0.283546	0.289963	0.050556	0.044090	0.071477	0.032698	0.059005	0.097282	0.058878	0.073840	0.060287	0.087944	0.101226	0.049774	0.028394	0.060753	0.065708	0.058089	3873219.0	3873219.0
83	0.198242	0.290069	0.297289	0.214400	0.172064	0.343430	0.283365	0.292567	0.051081	0.043309	0.070843	0.033009	0.058878	0.097106	0.058751	0.075333	0.060530	0.086663	0.100911	0.049186	0.028612	0.060765	0.065661	0.059362	3873219.0	3873218.0
84	0.199101	0.287843	0.296166	0.216890	0.174791	0.340563	0.283393	0.292751	0.051683	0.043408	0.070600	0.033410	0.059163	0.096444	0.057718	0.074519	0.060768	0.086059	0.100342	0.048996	0.029120	0.061212	0.065981	0.060577	3873218.0	3873218.0
85	0.200734	0.287123	0.294641	0.217502	0.176072	0.340473	0.286439	0.291296	0.052558	0.042972	0.071937	0.033266	0.058760	0.096575	0.058265	0.073522	0.060760	0.084449	0.101183	0.048248	0.029770	0.060722	0.066533	0.060477	3873219.0	3873219.0
86	0.201849	0.284718	0.297919	0.215514	0.174886	0.341643	0.289950	0.286617	0.052750	0.043497	0.072369	0.033233	0.059233	0.094487	0.058387	0.072611	0.061071	0.085009	0.103761	0.048079	0.029229	0.059845	0.066766	0.059674	3873219.0	3873216.0
87	0.202282	0.282837	0.301283	0.213598	0.174149	0.342769	0.292638	0.283239	0.052944	0.043271	0.072781	0.033286	0.059155	0.093324	0.058342	0.072017	0.062089	0.086279	0.104824	0.048091	0.029327	0.059307	0.066372	0.058592	3873216.0	3873216.0
88	0.203514	0.282180	0.302320	0.211986	0.172070	0.343694	0.294223	0.282304	0.052371	0.043652	0.074506	0.032986	0.058755	0.093407	0.058267	0.071751	0.061962	0.086636	0.105384	0.048338	0.028713	0.059147	0.066126	0.058000	3873219.0	3873218.0
89	0.201801	0.282841	0.304283	0.211074	0.170662	0.346110	0.293159	0.281757	0.051414	0.043806	0.073771	0.032810	0.058800	0.093666	0.058531	0.071844	0.061565	0.087503	0.106409	0.048806	0.028980	0.058789	0.065848	0.057458	3873218.0	3873218.0
90	0.200759	0.283765	0.304559	0.210918	0.169994	0.346147	0.290147	0.283377	0.051349	0.044039	0.072375	0.032996	0.058817	0.094521	0.058125	0.072302	0.061634	0.088713	0.104789	0.049423	0.028512	0.059417	0.065851	0.057138	3873219.0	3873219.0
91	0.200312	0.286689	0.301140	0.211858	0.170874	0.345656	0.286789	0.287792	0.050789	0.044067	0.072364	0.033092	0.059093	0.096528	0.057948	0.073120	0.060655	0.088198	0.102981	0.049306	0.028778	0.059929	0.064936	0.058215	3873219.0	3873219.0
92	0.199315	0.288723	0.298229	0.213732	0.172324	0.344298	0.284575	0.290666	0.051519	0.043493	0.071366	0.032937	0.059256	0.097415	0.057876	0.074177	0.060022	0.087340	0.101667	0.049201	0.029174	0.060381	0.065483	0.058693	3873219.0	3873219.0
93	0.199971	0.288629	0.296393	0.215007	0.174142	0.341319	0.283996	0.291896	0.051679	0.043912	0.070920	0.033461	0.059921	0.096862	0.057568	0.074277	0.060535	0.086026	0.100863	0.048970	0.029142	0.060896	0.065109	0.059861	3873219.0	3873219.0
94	0.201276	0.287696	0.294459	0.216568	0.176946	0.339074	0.285611	0.292211	0.053186	0.043179	0.071620	0.033291	0.059453	0.096661	0.057377	0.074205	0.060269	0.084500	0.100536	0.049154	0.029638	0.060514	0.065586	0.060830	3873219.0	3873219.0
95	0.202546	0.284854	0.295119	0.217480	0.178647	0.337038	0.289173	0.289993	0.054206	0.043038	0.071824	0.033478	0.059555	0.094905	0.056689	0.073705	0.061595	0.083896	0.101548	0.048080	0.030007	0.060426	0.066091	0.060956	3873219.0	3873219.0
96	0.205363	0.282266	0.296152	0.216219	0.179135	0.335630	0.292194	0.286825	0.054476	0.043470	0.073408	0.034009	0.059461	0.093554	0.056560	0.072690	0.062647	0.083853	0.101663	0.047989	0.029688	0.059618	0.065951	0.060962	3873219.0	3873218.0
97	0.206272	0.280496	0.297582	0.215650	0.179291	0.336071	0.293534	0.284336	0.054359	0.044173	0.073580	0.034160	0.059221	0.092564	0.056811	0.071899	0.062628	0.083728	0.102967	0.048259	0.030112	0.059213	0.065666	0.060659	3873218.0	3873218.0
98	0.206320	0.279677	0.299025	0.214978	0.177380	0.337085	0.294512	0.282837	0.053850	0.044165	0.074217	0.034088	0.059539	0.092387	0.056668	0.071084	0.062819	0.084404	0.103626	0.048176	0.029563	0.059487	0.066049	0.059879	3873219.0	3873219.0
99	0.205771	0.280443	0.300559	0.213227	0.175883	0.338494	0.293296	0.282463	0.053238	0.044673	0.073957	0.033904	0.059288	0.092312	0.056580	0.072263	0.062261	0.085763	0.103840	0.048696	0.029432	0.058578	0.065907	0.059310	3873219.0	3873219.0
100	0.204219	0.281325	0.300284	0.214173	0.174928	0.339437	0.289885	0.284176	0.052234	0.044884	0.073103	0.033998	0.059314	0.093984	0.056455	0.071573	0.062140	0.086590	0.102408	0.049146	0.029497	0.059420	0.066056	0.059199	3873219.0	3873219.0
101	0.203184	0.284877	0.298023	0.213915	0.173231	0.341086	0.286666	0.286199	0.051878	0.044833	0.072838	0.033635	0.060035	0.095645	0.057183	0.072014	0.060253	0.086561	0.101697	0.049513	0.029340	0.060162	0.066036	0.058378	3873219.0	3873218.0
102	0.201506	0.287201	0.297753	0.213539	0.172636	0.340684	0.285017	0.288748	0.051309	0.044601	0.071690	0.033906	0.060270	0.096665	0.056837	0.073430	0.060944	0.086109	0.101073	0.049627	0.029130	0.060363	0.065755	0.058291	3873218.0	3873216.0
103	0.201654	0.287737	0.295355	0.215254	0.174334	0.340307	0.285206	0.290113	0.052280	0.043903	0.071887	0.033585	0.060153	0.096910	0.057061	0.073614	0.060137	0.085434	0.100903	0.048881	0.029650	0.060769	0.066015	0.058820	3873217.0	3873217.0
104	0.202219	0.287016	0.295865	0.214901	0.175169	0.339767	0.286604	0.288253	0.052326	0.043823	0.072148	0.033922	0.060904	0.096389	0.056970	0.072753	0.060716	0.084994	0.101414	0.048740	0.030001	0.060192	0.065789	0.058919	3873219.0	3873219.0
105	0.203947	0.285398	0.296320	0.214335	0.177096	0.337103	0.289790	0.287421	0.053540	0.043500	0.072752	0.034154	0.060633	0.094863	0.056078	0.073824	0.061653	0.084317	0.101844	0.048506	0.029779	0.059112	0.065822	0.059622	3873219.0	3873219.0
106	0.205605	0.281792	0.296497	0.216106	0.178482	0.335711	0.292101	0.285206	0.054342	0.043761	0.073114	0.034387	0.059853	0.093795	0.056177	0.071967	0.062341	0.083436	0.102303	0.048416	0.030366	0.060057	0.066296	0.059386	3873219.0	3873217.0
107	0.206903	0.281050	0.297891	0.214156	0.178397	0.335009	0.295078	0.282456	0.054862	0.043427	0.074256	0.034358	0.060256	0.092717	0.056266	0.071810	0.063186	0.083253	0.102774	0.048678	0.030044	0.058796	0.066184	0.059133	3873217.0	3873214.0
108	0.208348	0.278193	0.299479	0.213980	0.178728	0.335797	0.296000	0.281113	0.054783	0.044601	0.074346	0.034618	0.059110	0.092108	0.055654	0.071322	0.063136	0.084301	0.103735	0.048308	0.030038	0.058394	0.066259	0.059290	3873216.0	3873215.0
109	0.207066	0.279403	0.299994	0.213537	0.177106	0.335653	0.293940	0.281170	0.053682	0.044940	0.073792	0.034652	0.059650	0.091953	0.055940	0.071860	0.063082	0.084377	0.103384	0.049151	0.030166	0.058750	0.066015	0.058607	3873218.0	3873217.0
110	0.206580	0.280020	0.299130	0.214270	0.176578	0.336354	0.292702	0.281527	0.053600	0.044599	0.073950	0.034431	0.059412	0.092562	0.056559	0.071487	0.062757	0.084838	0.102396	0.049140	0.029936	0.058868	0.066856	0.058611	3873218.0	3873217.0
111	0.205705	0.280867	0.299760	0.213669	0.175438	0.336323	0.290571	0.282989	0.052989	0.044986	0.073450	0.034280	0.059641	0.092892	0.055931	0.072402	0.062398	0.085765	0.101735	0.049863	0.029952	0.059477	0.066022	0.058218	3873218.0	3873216.0
112	0.204979	0.283120	0.297137	0.214763	0.175251	0.337625	0.287367	0.286057	0.052338	0.045272	0.072640	0.034729	0.059651	0.094943	0.055915	0.072611	0.061278	0.085656	0.101111	0.049093	0.029716	0.060035	0.066544	0.058469	3873217.0	3873217.0
113	0.202983	0.285905	0.296210	0.214901	0.174767	0.338223	0.285912	0.287801	0.051565	0.044619	0.072387	0.034412	0.060267	0.095314	0.056589	0.073734	0.060544	0.084903	0.101416	0.049348	0.030264	0.060228	0.065885	0.058526	3873219.0	3873214.0
114	0.202639	0.285064	0.296277	0.216019	0.175174	0.337745	0.287186	0.287677	0.052292	0.043829	0.072351	0.034167	0.060302	0.095063	0.056312	0.073386	0.061113	0.084939	0.101431	0.048795	0.030126	0.060640	0.066665	0.058588	3873214.0	3873211.0
115	0.203833	0.284472	0.296758	0.214937	0.175134	0.337722	0.290337	0.285795	0.052443	0.043927	0.073452	0.034012	0.060557	0.094819	0.056466	0.072629	0.061850	0.083845	0.102592	0.048471	0.030326	0.059995	0.066264	0.058353	3873216.0	3873213.0
116	0.205176	0.282586	0.298773	0.213465	0.176773	0.337262	0.294270	0.282826	0.053557	0.043323	0.073795	0.034501	0.060232	0.093991	0.056104	0.072257	0.063194	0.083442	0.103724	0.048413	0.030700	0.058564	0.066186	0.058015	3873216.0	3873209.0
117	0.207684	0.279320	0.299810	0.213186	0.177736	0.335045	0.296709	0.280303	0.054442	0.044103	0.074624	0.034515	0.060470	0.091995	0.055467	0.071388	0.063896	0.083837	0.103747	0.048330	0.030679	0.058820	0.065587	0.058100	3873212.0	3873207.0
118	0.209486	0.278754	0.299425	0.212335	0.177944	0.334629	0.297961	0.278345	0.054768	0.044768	0.075086	0.034864	0.059767	0.091359	0.056247	0.071381	0.064545	0.083463	0.103561	0.047856	0.030726	0.058021	0.066003	0.057585	3873214.0	3873211.0
119	0.209807	0.277610	0.300897	0.211687	0.178198	0.334308	0.297867	0.278181	0.055087	0.044658	0.075015	0.035046	0.059805	0.091288	0.055575	0.070942	0.064324	0.084004	0.103441	0.049128	0.030238	0.058125	0.065498	0.057826	3873216.0	3873213.0
120	0.209454	0.278075	0.299528	0.212943	0.178551	0.333958	0.295376	0.279608	0.055095	0.044874	0.074540	0.034944	0.059898	0.091730	0.055646	0.070801	0.063513	0.084355	0.102227	0.049433	0.030322	0.058887	0.065544	0.058191	3873216.0	3873210.0
121	0.208828	0.279846	0.297957	0.213369	0.176762	0.335354	0.291533	0.282757	0.053902	0.045466	0.074176	0.035284	0.059541	0.093378	0.055384	0.071544	0.061999	0.085136	0.101456	0.049366	0.029463	0.059722	0.066071	0.058113	3873213.0	3873210.0
122	0.204905	0.283702	0.297086	0.214307	0.175445	0.337234	0.288064	0.286183	0.052644	0.045061	0.072836	0.034364	0.060164	0.095097	0.056141	0.072300	0.061423	0.084835	0.101161	0.049667	0.029829	0.060178	0.065693	0.058608	3873216.0	3873216.0
123	0.204059	0.285171	0.295831	0.214940	0.175882	0.337558	0.286419	0.288469	0.052645	0.044471	0.072246	0.034697	0.060414	0.095936	0.055653	0.073168	0.060816	0.085256	0.100712	0.049046	0.029897	0.060722	0.065677	0.058643	3873219.0	3873218.0
124	0.203772	0.286385	0.294289	0.215554	0.175215	0.338618	0.286409	0.289378	0.052140	0.044081	0.072947	0.034604	0.059830	0.096831	0.056434	0.073290	0.060523	0.084553	0.100799	0.048414	0.030060	0.060845	0.066238	0.058411	3873218.0	3873218.0
125	0.202552	0.286311	0.296418	0.214719	0.174076	0.340233	0.288550	0.287369	0.051752	0.043481	0.073452	0.033867	0.060390	0.096279	0.056676	0.072965	0.061031	0.084963	0.102315	0.048108	0.030261	0.059927	0.066335	0.058197	3873219.0	3873218.0
126	0.203434	0.284651	0.298778	0.213138	0.174091	0.339491	0.292246	0.284952	0.052335	0.043171	0.074117	0.033811	0.060201	0.094769	0.056529	0.073153	0.061919	0.084319	0.103875	0.048665	0.030135	0.059220	0.065973	0.057811	3873218.0	3873218.0
127	0.204589	0.281478	0.300493	0.213440	0.174684	0.339597	0.294504	0.281385	0.052592	0.043591	0.074203	0.034203	0.060168	0.093757	0.056017	0.071536	0.062414	0.084528	0.105295	0.048257	0.030352	0.058554	0.066996	0.057538	3873219.0	3873218.0
128	0.205525	0.280430	0.302512	0.211533	0.175390	0.338450	0.295900	0.279750	0.053195	0.044194	0.074011	0.034125	0.060612	0.092322	0.055823	0.071672	0.063696	0.085306	0.104997	0.048512	0.030244	0.057929	0.065534	0.057826	3873218.0	3873218.0
129	0.207747	0.279752	0.300366	0.212136	0.177063	0.335508	0.294533	0.280909	0.053909	0.044900	0.074254	0.034683	0.060398	0.092238	0.055164	0.071952	0.063259	0.084994	0.103112	0.049001	0.030295	0.058545	0.065121	0.058175	3873219.0	3873218.0
130	0.207862	0.280677	0.297650	0.213811	0.178005	0.335849	0.291189	0.282588	0.054343	0.045359	0.073180	0.034980	0.060141	0.093271	0.055647	0.071619	0.062226	0.085491	0.101441	0.048493	0.030307	0.059324	0.065805	0.058375	3873218.0	3873216.0
131	0.207017	0.283445	0.296072	0.213466	0.177124	0.336520	0.288000	0.286102	0.054064	0.045535	0.072477	0.034942	0.060134	0.095147	0.055461	0.072703	0.061268	0.085721	0.100191	0.048892	0.030053	0.060186	0.065162	0.058066	3873217.0	3873215.0
132	0.205518	0.286588	0.293291	0.214604	0.178090	0.336166	0.285225	0.289201	0.053774	0.044722	0.071868	0.035155	0.060955	0.096519	0.055701	0.073412	0.060503	0.084867	0.099080	0.048841	0.030287	0.060395	0.065047	0.058875	3873217.0	3873215.0
133	0.205519	0.286502	0.291696	0.216284	0.177597	0.336386	0.284216	0.290507	0.053268	0.045149	0.071998	0.035104	0.060169	0.096602	0.056256	0.073476	0.059762	0.084340	0.099188	0.048405	0.029945	0.061150	0.065909	0.059280	3873217.0	3873217.0
134	0.203144	0.287241	0.293350	0.216265	0.177725	0.337022	0.284695	0.289492	0.052983	0.044357	0.070889	0.034915	0.060959	0.096850	0.056044	0.073387	0.060627	0.083933	0.100195	0.048595	0.030599	0.060026	0.066412	0.059228	3873219.0	3873218.0
135	0.205168	0.285166	0.293540	0.216125	0.178235	0.337074	0.288565	0.287380	0.053432	0.043901	0.072796	0.035039	0.060115	0.095778	0.056120	0.073154	0.060652	0.083492	0.101685	0.047712	0.030634	0.059319	0.067043	0.059130	3873218.0	3873218.0
136	0.204832	0.282489	0.297644	0.215035	0.176872	0.338738	0.291480	0.284446	0.053205	0.043872	0.073229	0.034527	0.059895	0.095054	0.055885	0.071654	0.061829	0.084581	0.103217	0.048016	0.030483	0.059080	0.066815	0.058657	3873219.0	3873219.0
137	0.205412	0.282588	0.299146	0.212854	0.175629	0.339785	0.293990	0.282235	0.053607	0.043824	0.073614	0.034367	0.060003	0.094929	0.056355	0.071301	0.062397	0.084130	0.104371	0.048247	0.030167	0.058518	0.066682	0.057487	3873219.0	3873219.0
138	0.206175	0.281401	0.301021	0.211402	0.175783	0.339246	0.294737	0.280431	0.053638	0.043982	0.073740	0.034815	0.060017	0.093936	0.055829	0.071618	0.062679	0.084801	0.104680	0.048862	0.030356	0.057903	0.066170	0.056974	3873219.0	3873218.0
139	0.206689	0.280622	0.300419	0.212270	0.176217	0.339161	0.293632	0.280143	0.053630	0.044486	0.073918	0.034655	0.059822	0.093699	0.056164	0.070935	0.062491	0.085704	0.103594	0.048631	0.030450	0.058028	0.066311	0.057482	3873218.0	3873212.0
140	0.206393	0.281916	0.299987	0.211704	0.176381	0.338975	0.292440	0.281621	0.054045	0.044705	0.072971	0.034673	0.060066	0.094033	0.056379	0.071438	0.062415	0.085553	0.103010	0.049010	0.030092	0.058578	0.065462	0.057572	3873213.0	3873211.0
141	0.206617	0.282868	0.297822	0.212694	0.178052	0.337210	0.289916	0.284141	0.054035	0.045112	0.072508	0.034961	0.060143	0.094683	0.055827	0.072216	0.061709	0.085037	0.101664	0.049412	0.030598	0.058784	0.064854	0.058458	3873217.0	3873217.0
142	0.206484	0.283617	0.294852	0.215048	0.179483	0.336057	0.287429	0.287476	0.054145	0.044855	0.072240	0.035244	0.059955	0.095000	0.055689	0.072972	0.060370	0.084694	0.100673	0.049114	0.030634	0.060044	0.064910	0.059460	3873219.0	3873219.0
143	0.205104	0.284593	0.293513	0.216790	0.180336	0.335470	0.285768	0.288732	0.054469	0.044533	0.070959	0.035143	0.060447	0.095753	0.055723	0.072669	0.060605	0.084259	0.099735	0.048914	0.030758	0.060344	0.065722	0.059966	3873219.0	3873218.0
144	0.206279	0.284889	0.292140	0.216692	0.182102	0.333740	0.287741	0.289771	0.055172	0.043852	0.071782	0.035473	0.060262	0.095093	0.055738	0.073796	0.060951	0.083072	0.099837	0.048280	0.030631	0.060056	0.065180	0.060826	3873218.0	3873218.0
145	0.207015	0.282073	0.292536	0.218376	0.182766	0.332910	0.289906	0.288138	0.055731	0.043849	0.072354	0.035081	0.060029	0.094342	0.055409	0.072294	0.061581	0.082919	0.100240	0.047796	0.030760	0.060308	0.066114	0.061194	3873219.0	3873219.0
146	0.208101	0.281418	0.294117	0.216364	0.183115	0.334144	0.292754	0.285991	0.056240	0.043500	0.073079	0.035281	0.059433	0.093826	0.055815	0.072344	0.061927	0.082996	0.101507	0.047686	0.030566	0.058792	0.065978	0.061028	3873219.0	3873219.0
147	0.208166	0.279115	0.296379	0.216339	0.183238	0.334005	0.294353	0.282921	0.055977	0.043527	0.073333	0.035330	0.059748	0.092243	0.055694	0.071430	0.062234	0.083258	0.102810	0.048078	0.031163	0.058479	0.065929	0.060768	3873219.0	3873219.0
148	0.209122	0.277507	0.297766	0.215605	0.182225	0.335184	0.296388	0.280652	0.056029	0.043456	0.074281	0.035355	0.059165	0.092129	0.055672	0.070541	0.062567	0.083873	0.103511	0.047815	0.030833	0.057974	0.066790	0.060008	3873219.0	3873219.0
149	0.208594	0.277432	0.300254	0.213719	0.180567	0.337351	0.296386	0.279180	0.055995	0.044200	0.073494	0.034906	0.059417	0.091874	0.056203	0.069938	0.062613	0.084990	0.104284	0.048367	0.030440	0.058141	0.065912	0.059227	3873219.0	3873219.0
150	0.208464	0.279206	0.299893	0.212437	0.180274	0.337317	0.294984	0.280958	0.055362	0.044083	0.073624	0.035395	0.059153	0.092642	0.056090	0.071321	0.062769	0.085357	0.103228	0.048538	0.030143	0.057621	0.065300	0.059373	3873219.0	3873219.0
151	0.207427	0.279703	0.298242	0.214627	0.179916	0.336875	0.291812	0.283344	0.054896	0.044316	0.073054	0.035161	0.059021	0.093710	0.055926	0.071047	0.061738	0.085116	0.102123	0.049264	0.030236	0.058963	0.065805	0.059623	3873219.0	3873219.0
152	0.205891	0.282106	0.296908	0.215096	0.179865	0.337332	0.288893	0.286619	0.054542	0.044218	0.071925	0.035207	0.059163	0.094703	0.056294	0.071946	0.061233	0.085142	0.101193	0.049339	0.030013	0.059867	0.065113	0.060104	3873219.0	3873218.0
153	0.204951	0.283929	0.294525	0.216595	0.180823	0.335793	0.286595	0.289208	0.054238	0.043872	0.071273	0.035569	0.059757	0.095477	0.055617	0.073079	0.060561	0.084175	0.100524	0.049264	0.030420	0.060055	0.065524	0.060597	3873218.0	3873218.0
154	0.204975	0.283579	0.292937	0.218509	0.183064	0.334880	0.286909	0.289834	0.055114	0.043522	0.071022	0.035316	0.059572	0.094976	0.056065	0.072966	0.060592	0.083659	0.100180	0.048506	0.031010	0.060269	0.065607	0.061623	3873219.0	3873219.0
155	0.206289	0.282426	0.292874	0.218411	0.183657	0.333185	0.288760	0.288527	0.055580	0.043621	0.071650	0.035438	0.059828	0.094104	0.056178	0.072315	0.061456	0.082828	0.100075	0.048515	0.030779	0.060247	0.065526	0.061860	3873219.0	3873219.0
156	0.207642	0.280801	0.293428	0.218129	0.184914	0.333702	0.291373	0.286865	0.056338	0.043659	0.072064	0.035582	0.059205	0.093666	0.056347	0.071582	0.061704	0.082421	0.101267	0.048036	0.031203	0.059825	0.065309	0.061791	3873219.0	3873219.0
157	0.208450	0.279572	0.294987	0.216991	0.184914	0.333815	0.293584	0.283814	0.056554	0.043679	0.072486	0.035731	0.059726	0.092772	0.056224	0.070850	0.062297	0.082571	0.102248	0.047872	0.031242	0.058806	0.065556	0.061387	3873219.0	3873219.0
158	0.209818	0.277828	0.296514	0.215840	0.183490	0.334812	0.294388	0.281549	0.056222	0.044268	0.073699	0.035629	0.059544	0.091979	0.056279	0.070025	0.061726	0.083813	0.102741	0.048235	0.030776	0.058681	0.065520	0.060863	3873219.0	3873219.0
159	0.208268	0.278741	0.298240	0.214752	0.182139	0.334719	0.294533	0.281439	0.055892	0.044046	0.073033	0.035298	0.059858	0.091956	0.055973	0.070954	0.062558	0.083741	0.103049	0.048891	0.030834	0.058413	0.065389	0.060115	3873219.0	3873219.0
160	0.209143	0.278156	0.297444	0.215258	0.181346	0.336111	0.292669	0.282586	0.055277	0.044761	0.073414	0.035691	0.058984	0.092636	0.056132	0.070404	0.061325	0.084689	0.102654	0.048776	0.030262	0.059431	0.065449	0.060115	3873219.0	3873219.0
161	0.205848	0.281517	0.297649	0.214986	0.179427	0.338104	0.289994	0.284888	0.054227	0.044598	0.071953	0.035070	0.059119	0.094360	0.056255	0.071782	0.061355	0.085030	0.102458	0.048805	0.030375	0.058990	0.065866	0.059755	3873219.0	3873219.0
162	0.205076	0.282979	0.296533	0.215412	0.179882	0.338262	0.287060	0.287128	0.054129	0.044559	0.071200	0.035188	0.059207	0.095372	0.056386	0.072013	0.060594	0.085367	0.101136	0.049435	0.030431	0.059609	0.065238	0.060134	3873219.0	3873219.0
163	0.204362	0.284908	0.293961	0.216769	0.180083	0.336548	0.285320	0.288346	0.054374	0.044307	0.070519	0.035162	0.060284	0.095364	0.056614	0.072646	0.060560	0.084703	0.099867	0.048831	0.030519	0.060309	0.065915	0.060027	3873219.0	3873218.0
164	0.205737	0.284682	0.292914	0.216666	0.180799	0.336490	0.286121	0.289525	0.054455	0.044411	0.071241	0.035630	0.059273	0.095953	0.056542	0.072915	0.060408	0.083979	0.100017	0.048511	0.030274	0.060218	0.065735	0.060440	3873218.0	3873218.0
165	0.204410	0.284560	0.293534	0.217496	0.181824	0.335829	0.286599	0.289108	0.054728	0.043951	0.070600	0.035131	0.059846	0.094935	0.056656	0.073123	0.060653	0.083619	0.100619	0.048644	0.030760	0.059845	0.065686	0.061206	3873219.0	3873218.0
166	0.205987	0.282350	0.293560	0.218103	0.183022	0.335114	0.290097	0.287101	0.055676	0.043600	0.071451	0.035259	0.060056	0.094466	0.056275	0.071552	0.061466	0.082869	0.101504	0.047722	0.030836	0.059832	0.066184	0.061251	3873218.0	3873218.0
167	0.208035	0.280767	0.295414	0.215784	0.184204	0.334946	0.293140	0.285010	0.056447	0.044082	0.071899	0.035607	0.059534	0.093665	0.055949	0.071619	0.062155	0.082693	0.102640	0.047927	0.031051	0.058628	0.065006	0.061099	3873219.0	3873219.0
168	0.209187	0.279068	0.295494	0.216252	0.184032	0.334037	0.295351	0.283008	0.056934	0.043913	0.073050	0.035290	0.059533	0.092066	0.056046	0.071423	0.062058	0.082615	0.103310	0.047511	0.031047	0.058759	0.065685	0.060761	3873219.0	3873219.0
169	0.209572	0.277353	0.298091	0.214984	0.182625	0.335369	0.295950	0.280741	0.056220	0.044456	0.073598	0.035299	0.058952	0.092014	0.055901	0.070487	0.062611	0.083933	0.103522	0.048025	0.031060	0.058194	0.065683	0.060047	3873219.0	3873219.0
170	0.208843	0.278597	0.298703	0.213857	0.181728	0.337554	0.294636	0.281373	0.055963	0.044445	0.072849	0.035585	0.058749	0.093245	0.056263	0.070340	0.062157	0.084380	0.103667	0.048500	0.030696	0.058304	0.065373	0.059484	3873219.0	3873219.0
171	0.207565	0.280374	0.298152	0.213909	0.180547	0.337151	0.291879	0.283826	0.055318	0.044640	0.072280	0.035327	0.059028	0.093654	0.055845	0.071847	0.061562	0.084932	0.102720	0.048938	0.030332	0.058756	0.065252	0.059569	3873219.0	3873219.0
172	0.206241	0.281982	0.296097	0.215681	0.179932	0.337741	0.289365	0.286129	0.054729	0.044348	0.072101	0.035063	0.058887	0.095100	0.056419	0.071576	0.061242	0.084928	0.101294	0.048633	0.030320	0.059634	0.065907	0.059820	3873219.0	3873219.0
173	0.205177	0.284009	0.295721	0.215092	0.180147	0.338112	0.287629	0.286394	0.054421	0.044169	0.071306	0.035282	0.059825	0.095530	0.056509	0.072145	0.060770	0.084940	0.101133	0.048878	0.030752	0.059026	0.065622	0.059692	3873219.0	3873219.0
174	0.205767	0.283666	0.294569	0.215997	0.181838	0.336111	0.288311	0.287163	0.055343	0.043850	0.071204	0.035370	0.059635	0.095367	0.056512	0.072151	0.061188	0.083655	0.100577	0.049150	0.030823	0.059342	0.065530	0.060302	3873219.0	3873218.0
175	0.206989	0.282215	0.293823	0.216973	0.183362	0.334870	0.289687	0.287332	0.055666	0.043759	0.071697	0.035867	0.059224	0.094821	0.056097	0.072073	0.061415	0.083042	0.100910	0.048456	0.030950	0.059558	0.065586	0.060879	3873218.0	3873213.0
176	0.207255	0.281180	0.294289	0.217275	0.183540	0.333868	0.290760	0.285561	0.056053	0.043869	0.071816	0.035517	0.059906	0.094016	0.055609	0.071650	0.061707	0.083059	0.101184	0.048339	0.031292	0.059217	0.066089	0.060677	3873214.0	3873214.0
177	0.208958	0.280162	0.294698	0.216182	0.184938	0.333493	0.291938	0.284652	0.056684	0.044167	0.071964	0.036143	0.059383	0.093512	0.055732	0.071534	0.061726	0.082683	0.101565	0.048724	0.030949	0.058445	0.065627	0.061161	3873219.0	3873219.0
178	0.208743	0.278807	0.294888	0.217562	0.184914	0.333976	0.293053	0.283250	0.056558	0.044229	0.072278	0.035679	0.059380	0.092784	0.055974	0.070670	0.061929	0.082930	0.102289	0.047741	0.031432	0.058552	0.066334	0.061245	3873219.0	3873219.0
179	0.209299	0.278494	0.296873	0.215334	0.183454	0.335827	0.293700	0.281852	0.056779	0.044745	0.072189	0.035586	0.059459	0.092967	0.055983	0.070085	0.061852	0.083996	0.102881	0.048145	0.030733	0.058443	0.065802	0.060356	3873219.0	3873218.0
180	0.208822	0.280151	0.296854	0.214173	0.182185	0.336432	0.293567	0.282080	0.056060	0.044364	0.073020	0.035378	0.059671	0.093109	0.056801	0.070570	0.062134	0.084170	0.102353	0.048198	0.030743	0.058396	0.065029	0.060005	3873218.0	3873218.0
181	0.208608	0.280039	0.297203	0.214150	0.180996	0.338233	0.292854	0.283573	0.055607	0.044915	0.072851	0.035235	0.058903	0.094323	0.056054	0.070758	0.061191	0.084652	0.103204	0.048156	0.030393	0.058732	0.065265	0.059760	3873219.0	3873219.0
182	0.206096	0.282622	0.297373	0.213909	0.178968	0.338503	0.289957	0.285139	0.054512	0.044789	0.071924	0.034870	0.059625	0.095157	0.056009	0.071832	0.061565	0.085382	0.101956	0.048471	0.030521	0.059085	0.065238	0.059065	3873219.0	3873218.0
183	0.206223	0.284413	0.295127	0.214237	0.179477	0.338100	0.289056	0.287119	0.054626	0.044202	0.072357	0.035038	0.060079	0.095790	0.056513	0.072031	0.060768	0.084493	0.101305	0.048561	0.030248	0.059732	0.064691	0.059566	3873218.0	3873218.0
184	0.205721	0.284216	0.294866	0.215196	0.179572	0.337442	0.288574	0.287026	0.054654	0.044787	0.071254	0.035026	0.060378	0.095440	0.056232	0.072166	0.061019	0.084122	0.101647	0.048078	0.030304	0.059833	0.065471	0.059587	3873219.0	3873219.0
185	0.206356	0.284183	0.294604	0.214857	0.181474	0.337218	0.289304	0.287060	0.055391	0.043924	0.071451	0.035590	0.060146	0.095876	0.056170	0.071991	0.061061	0.083771	0.101401	0.048371	0.030711	0.059412	0.064952	0.059782	3873219.0	3873219.0
186	0.207309	0.282982	0.293975	0.215735	0.182817	0.334986	0.289746	0.286936	0.055913	0.044118	0.071688	0.035590	0.060067	0.094909	0.055728	0.072278	0.061387	0.083591	0.100758	0.048238	0.030683	0.059117	0.065303	0.060632	3873219.0	3873219.0
187	0.208050	0.281735	0.293477	0.216738	0.183668	0.334377	0.290865	0.285900	0.056497	0.044200	0.072078	0.035275	0.059802	0.094202	0.056159	0.071572	0.061225	0.082951	0.101065	0.048236	0.031122	0.059352	0.065490	0.060774	3873219.0	3873218.0
188	0.208646	0.280705	0.294792	0.215857	0.183054	0.334506	0.291931	0.284789	0.056421	0.044488	0.072284	0.035452	0.060161	0.093644	0.055608	0.071291	0.061661	0.083688	0.101565	0.047878	0.030779	0.059452	0.065224	0.060402	3873218.0	3873217.0
189	0.209022	0.281273	0.294682	0.215024	0.183023	0.334849	0.291274	0.284727	0.056271	0.044605	0.072158	0.035988	0.059680	0.094181	0.055668	0.071744	0.061342	0.083497	0.101504	0.048339	0.030755	0.058794	0.065466	0.060008	3873218.0	3873218.0
190	0.208048	0.281076	0.294796	0.216080	0.181620	0.335885	0.290387	0.285519	0.055612	0.044732	0.072121	0.035584	0.058958	0.094199	0.056279	0.071640	0.061115	0.083868	0.101539	0.048273	0.030412	0.059668	0.065988	0.060012	3873219.0	3873219.0
191	0.206097	0.282466	0.295927	0.215509	0.180362	0.337738	0.289441	0.286951	0.055060	0.044156	0.071715	0.035165	0.059249	0.094805	0.056114	0.072298	0.060681	0.084834	0.101984	0.048427	0.030350	0.060061	0.065311	0.059787	3873219.0	3873218.0
192	0.205341	0.283857	0.295125	0.215678	0.180304	0.337571	0.288875	0.287302	0.054604	0.043740	0.071464	0.035533	0.059747	0.095908	0.056011	0.072191	0.061122	0.083968	0.101684	0.048351	0.030784	0.059820	0.065690	0.059383	3873218.0	3873217.0
193	0.206257	0.283436	0.294850	0.215457	0.179948	0.337452	0.288598	0.287215	0.054371	0.044382	0.071972	0.035533	0.059176	0.095292	0.056325	0.072644	0.060787	0.084368	0.101468	0.048227	0.030535	0.059770	0.065643	0.059510	3873218.0	3873218.0
194	0.204868	0.283811	0.295408	0.215913	0.179660	0.337251	0.287373	0.287048	0.054187	0.044101	0.071183	0.035397	0.060174	0.094795	0.056256	0.072586	0.060663	0.084859	0.101340	0.048545	0.030492	0.060083	0.065755	0.059584	3873219.0	3873219.0
195	0.205516	0.283838	0.294534	0.216112	0.180486	0.336864	0.288535	0.287959	0.054837	0.044043	0.071229	0.035405	0.059808	0.095506	0.056031	0.072494	0.060843	0.083701	0.101626	0.048364	0.030627	0.060341	0.065527	0.059618	3873219.0	3873210.0
196	0.206115	0.283591	0.294413	0.215881	0.180319	0.336634	0.288296	0.287430	0.054855	0.043968	0.071758	0.035533	0.059886	0.095261	0.055902	0.072542	0.060696	0.084485	0.100987	0.048246	0.030274	0.059970	0.065981	0.059656	3873210.0	3873208.0
197	0.205711	0.283684	0.294629	0.215977	0.180112	0.336855	0.289904	0.286553	0.054766	0.043941	0.071880	0.035124	0.059825	0.094889	0.056659	0.072311	0.061292	0.083341	0.101966	0.048030	0.030554	0.059687	0.066069	0.059667	3873217.0	3873217.0
198	0.206437	0.281857	0.296574	0.215132	0.180183	0.336516	0.290722	0.285247	0.054946	0.044218	0.072085	0.035188	0.059937	0.093935	0.056050	0.071935	0.061511	0.084351	0.102180	0.048533	0.030380	0.059709	0.065375	0.059669	3873219.0	3873219.0
199	0.206773	0.282213	0.295689	0.215325	0.179833	0.336535	0.290363	0.286001	0.054946	0.044474	0.072071	0.035283	0.059556	0.094761	0.055715	0.072181	0.061124	0.083836	0.102223	0.048506	0.030142	0.059597	0.066123	0.059462	3873219.0	3873219.0
