Offset	A	C	G	T	A/T	C/G	A/G	C/T	AA	AC	AG	AT	CA	CC	CG	CT	GA	GC	GG	GT	TA	TC	TG	TT	N	NN
-50	0.189781	0.274834	0.308719	0.226665	0.190801	0.358013	0.275595	0.284488	0.049096	0.037714	0.068660	0.034312	0.052435	0.093515	0.068034	0.060851	0.051876	0.090500	0.105963	0.060378	0.027708	0.050436	0.068837	0.079686	13352577.0	13352537.0
-49	0.181115	0.272165	0.311494	0.235227	0.148731	0.364750	0.276642	0.248450	0.046007	0.039610	0.064290	0.031207	0.051242	0.089931	0.071942	0.059051	0.055673	0.092205	0.110672	0.052944	0.026084	0.054035	0.109674	0.045433	13352538.0	13352535.0
-48	0.179005	0.275783	0.356578	0.188634	0.155865	0.377025	0.287557	0.247084	0.046344	0.037931	0.064914	0.029816	0.047403	0.091655	0.077883	0.058843	0.058653	0.089840	0.117647	0.090438	0.033129	0.050010	0.058918	0.046576	13352575.0	13352575.0
-47	0.185528	0.269436	0.319362	0.225673	0.199226	0.386278	0.281625	0.279089	0.051177	0.041663	0.064669	0.028019	0.047864	0.090450	0.075251	0.055871	0.053664	0.108462	0.112114	0.045122	0.037430	0.050168	0.055475	0.082600	13352578.0	13352574.0
-46	0.190136	0.290743	0.307510	0.211611	0.196008	0.384930	0.286402	0.300392	0.059237	0.040875	0.059383	0.030642	0.044919	0.095135	0.076204	0.074486	0.048053	0.093863	0.119729	0.045865	0.024317	0.048959	0.056523	0.081812	13352574.0	13352574.0
-45	0.176526	0.278831	0.311838	0.232805	0.190986	0.386613	0.287700	0.289705	0.056904	0.034213	0.058087	0.027322	0.049721	0.097986	0.075822	0.055302	0.054119	0.094214	0.118591	0.044916	0.025706	0.055364	0.070681	0.081054	13352578.0	13352578.0
-44	0.186449	0.281776	0.323182	0.208594	0.128945	0.386364	0.294448	0.256253	0.043694	0.038537	0.078685	0.025534	0.048521	0.102421	0.071229	0.059604	0.057273	0.097916	0.114797	0.053195	0.019724	0.054234	0.094642	0.039993	13352578.0	13352571.0
-43	0.169212	0.293110	0.359352	0.178326	0.137250	0.433153	0.284968	0.259945	0.046441	0.035372	0.059390	0.028008	0.051004	0.102578	0.075458	0.064069	0.053461	0.129442	0.125675	0.050775	0.021821	0.052319	0.063207	0.040979	13352571.0	13352571.0
-42	0.172727	0.319711	0.323731	0.183831	0.137509	0.432850	0.292818	0.293309	0.042593	0.035895	0.067657	0.026582	0.051166	0.133082	0.076550	0.058912	0.054835	0.095485	0.127733	0.045678	0.021894	0.054874	0.060623	0.046440	13352578.0	13352578.0
-41	0.170488	0.319336	0.332564	0.177612	0.137815	0.369903	0.280049	0.291171	0.045661	0.036146	0.063539	0.025143	0.049898	0.094602	0.074740	0.100097	0.064236	0.093948	0.106613	0.067766	0.024696	0.054158	0.056442	0.042315	13352578.0	13352568.0
-40	0.184492	0.278853	0.301335	0.235321	0.186742	0.369885	0.263564	0.266782	0.039495	0.040836	0.066484	0.037677	0.048732	0.094895	0.069876	0.065350	0.049538	0.097068	0.108046	0.046682	0.055676	0.052643	0.073107	0.053894	13352568.0	13352568.0
-39	0.193441	0.285443	0.317514	0.203603	0.156256	0.368852	0.266408	0.274692	0.037683	0.068044	0.061900	0.025814	0.053397	0.095038	0.073579	0.063428	0.065796	0.099205	0.101029	0.051484	0.029665	0.053132	0.057712	0.063094	13352578.0	13352578.0
-38	0.186540	0.315418	0.294221	0.203820	0.150059	0.395565	0.278723	0.299592	0.043249	0.035199	0.081480	0.026613	0.048903	0.129730	0.072151	0.064634	0.054540	0.094230	0.099455	0.045997	0.030625	0.055655	0.067967	0.049572	13352578.0	13352578.0
-37	0.177317	0.314814	0.321052	0.186816	0.143799	0.378539	0.287884	0.258650	0.044224	0.035729	0.071858	0.025506	0.084817	0.089411	0.076992	0.063594	0.060264	0.100598	0.111538	0.048652	0.021721	0.053298	0.059450	0.052348	13352578.0	13352575.0
-36	0.211026	0.279035	0.319838	0.190101	0.176736	0.368512	0.281107	0.258605	0.045493	0.036316	0.070526	0.058692	0.058008	0.085130	0.072958	0.062939	0.062489	0.107824	0.102599	0.046926	0.022920	0.060905	0.056645	0.049631	13352575.0	13352575.0
-35	0.188909	0.290175	0.302727	0.218188	0.142951	0.363094	0.293162	0.280686	0.044926	0.036219	0.082089	0.025676	0.054378	0.077558	0.087723	0.070516	0.059190	0.090856	0.106957	0.045724	0.023717	0.083980	0.061859	0.048632	13352578.0	13352578.0
-34	0.182211	0.288612	0.338628	0.190548	0.138902	0.387194	0.289268	0.239966	0.045976	0.042108	0.070744	0.023383	0.050274	0.078811	0.101032	0.058496	0.061502	0.096305	0.111046	0.069775	0.022788	0.055904	0.065101	0.046755	13352578.0	13352578.0
-33	0.180540	0.273128	0.347923	0.198409	0.147100	0.356989	0.268216	0.265392	0.035503	0.047269	0.069358	0.028410	0.044088	0.088812	0.063531	0.076698	0.054198	0.095491	0.109157	0.089077	0.036753	0.053449	0.061773	0.046433	13352578.0	13352578.0
-32	0.170542	0.285020	0.303819	0.240619	0.172453	0.349562	0.250187	0.274165	0.034548	0.034992	0.060061	0.040942	0.047861	0.091030	0.063784	0.082345	0.052843	0.092013	0.102736	0.056228	0.042691	0.046518	0.097137	0.054272	13352578.0	13352578.0
-31	0.177943	0.264553	0.323717	0.233786	0.189546	0.317126	0.272219	0.268975	0.034901	0.041771	0.057754	0.043517	0.048285	0.079413	0.056271	0.080584	0.087918	0.089796	0.091646	0.054358	0.050592	0.048440	0.074217	0.060537	13352578.0	13352578.0
-30	0.221695	0.259420	0.279888	0.238996	0.225498	0.313913	0.249286	0.272284	0.040232	0.071558	0.052794	0.057112	0.049160	0.080818	0.054607	0.074835	0.055592	0.077820	0.100668	0.045808	0.064761	0.053238	0.057604	0.063393	13352578.0	13352578.0
-29	0.209746	0.283434	0.265673	0.241148	0.243696	0.287266	0.259750	0.261466	0.058036	0.039992	0.054164	0.057554	0.085029	0.081432	0.050845	0.066128	0.066985	0.074424	0.080566	0.043699	0.063837	0.049637	0.063404	0.064269	13352578.0	13352577.0
-28	0.273887	0.245485	0.248979	0.231649	0.290175	0.264880	0.291080	0.247067	0.077448	0.037418	0.071384	0.087637	0.051113	0.072850	0.054737	0.066785	0.068964	0.064009	0.073285	0.042721	0.064637	0.046978	0.059581	0.060453	13352577.0	13352575.0
-27	0.262162	0.221256	0.258986	0.257596	0.271240	0.258263	0.309552	0.274728	0.105187	0.038769	0.067658	0.050549	0.049146	0.068003	0.043761	0.060345	0.063320	0.073110	0.073388	0.049168	0.055836	0.086712	0.055381	0.059668	13352576.0	13352571.0
-26	0.273488	0.266594	0.240187	0.219730	0.244928	0.266863	0.310454	0.286341	0.101454	0.045468	0.081131	0.045436	0.043053	0.073242	0.049105	0.101194	0.049479	0.066124	0.078391	0.046193	0.046049	0.059915	0.061776	0.051990	13352573.0	13352573.0
-25	0.240035	0.244750	0.270403	0.244812	0.192726	0.321878	0.316650	0.272665	0.079715	0.039455	0.087141	0.033724	0.042237	0.086646	0.058457	0.057410	0.053397	0.080379	0.096396	0.040230	0.035895	0.085216	0.080309	0.043393	13352578.0	13352577.0
-24	0.211244	0.291696	0.322303	0.174757	0.156796	0.376036	0.307681	0.265479	0.055793	0.040202	0.084581	0.030668	0.047864	0.114091	0.063066	0.066674	0.062238	0.093810	0.105070	0.061186	0.030385	0.044764	0.059658	0.039950	13352577.0	13352556.0
-23	0.196280	0.292867	0.312374	0.198479	0.140936	0.373130	0.287207	0.238729	0.045028	0.039947	0.079415	0.031890	0.079907	0.082027	0.073218	0.057714	0.050307	0.105428	0.112457	0.044183	0.022029	0.056999	0.077461	0.041989	13352557.0	13352543.0
-22	0.197271	0.284401	0.342552	0.175777	0.159853	0.400066	0.288522	0.236296	0.038532	0.037716	0.063802	0.057221	0.056437	0.087691	0.083700	0.056571	0.064814	0.107302	0.121374	0.049063	0.021152	0.049087	0.062590	0.042948	13352564.0	13352535.0
-21	0.180936	0.281795	0.331466	0.205804	0.125552	0.390710	0.291192	0.228874	0.042382	0.037998	0.077218	0.023339	0.051665	0.082707	0.083477	0.063945	0.062470	0.115404	0.109123	0.044470	0.022413	0.044803	0.101169	0.037418	13352549.0	13352533.0
-20	0.178930	0.280911	0.370986	0.169173	0.136607	0.422579	0.328658	0.237039	0.047886	0.035324	0.069475	0.026246	0.049008	0.086251	0.086175	0.059476	0.069449	0.108305	0.141849	0.051384	0.018999	0.047834	0.058863	0.043477	13352562.0	13352541.0
-19	0.185341	0.277713	0.356361	0.180584	0.130030	0.415168	0.291789	0.251693	0.041018	0.044635	0.077368	0.022321	0.048164	0.087183	0.074280	0.068086	0.055276	0.135577	0.118128	0.047381	0.019670	0.049403	0.064490	0.047021	13352558.0	13352547.0
-18	0.164127	0.316798	0.334264	0.184810	0.132720	0.386435	0.274991	0.286279	0.040071	0.042281	0.058714	0.023061	0.053680	0.085460	0.074252	0.103406	0.054684	0.105200	0.121522	0.052859	0.025912	0.053738	0.061486	0.043675	13352568.0	13352562.0
-17	0.174346	0.286679	0.315973	0.223002	0.142411	0.380646	0.277933	0.265797	0.047313	0.037945	0.065968	0.023121	0.054523	0.094837	0.074666	0.062652	0.058810	0.105301	0.105842	0.046021	0.018849	0.055180	0.095845	0.053128	13352573.0	13352561.0
-16	0.179495	0.293262	0.342320	0.184922	0.142956	0.375137	0.260759	0.262103	0.043341	0.042270	0.068248	0.025637	0.053814	0.087078	0.078474	0.073896	0.051559	0.111974	0.097611	0.081177	0.027968	0.055119	0.055825	0.046010	13352567.0	13352556.0
-15	0.176681	0.296440	0.300158	0.226721	0.175166	0.370111	0.267341	0.260010	0.044929	0.042105	0.066115	0.023532	0.053465	0.080175	0.094406	0.068393	0.057145	0.096378	0.099151	0.047483	0.052069	0.056806	0.063211	0.054636	13352568.0	13352558.0
-14	0.207608	0.275464	0.322883	0.194045	0.148805	0.378499	0.284739	0.252923	0.051554	0.071348	0.062901	0.021804	0.056131	0.082044	0.074706	0.062582	0.056817	0.108282	0.113467	0.044318	0.020544	0.053394	0.065204	0.054903	13352569.0	13352565.0
-13	0.185046	0.315068	0.316278	0.183607	0.137124	0.414350	0.291174	0.301179	0.041866	0.040328	0.078150	0.024702	0.047298	0.132040	0.075881	0.059849	0.068645	0.103915	0.102513	0.041205	0.018967	0.057702	0.055350	0.051589	13352575.0	13352573.0
-12	0.176776	0.333985	0.311894	0.177345	0.140782	0.384158	0.279564	0.265692	0.050786	0.040344	0.065246	0.020401	0.083748	0.102102	0.081621	0.066514	0.064900	0.101803	0.098631	0.046559	0.025315	0.052797	0.054954	0.044279	13352577.0	13352574.0
-11	0.224749	0.297046	0.300452	0.177753	0.146156	0.358087	0.286209	0.264481	0.050941	0.070603	0.074498	0.028708	0.051093	0.094322	0.075192	0.076439	0.065736	0.093539	0.095034	0.046142	0.023036	0.050248	0.060997	0.043471	13352576.0	13352573.0
-10	0.190806	0.308713	0.305721	0.194760	0.144875	0.381546	0.271670	0.293898	0.043040	0.039884	0.081934	0.025947	0.047501	0.116769	0.074163	0.070279	0.051703	0.095621	0.094993	0.063405	0.023620	0.054583	0.064290	0.052268	13352576.0	13352574.0
-9	0.165864	0.306857	0.315380	0.211899	0.165256	0.353549	0.263426	0.306667	0.042010	0.033577	0.061639	0.028638	0.055033	0.079945	0.067795	0.104084	0.054920	0.100952	0.104857	0.054652	0.026803	0.054833	0.062458	0.067805	13352577.0	13352573.0
-8	0.178765	0.269307	0.296749	0.255179	0.195771	0.338820	0.259484	0.306694	0.049192	0.044664	0.059269	0.025640	0.051629	0.078531	0.070083	0.069065	0.060779	0.099962	0.090245	0.045764	0.028912	0.067071	0.067169	0.092028	13352575.0	13352569.0
-7	0.190511	0.290228	0.286765	0.232497	0.168830	0.333850	0.267912	0.264311	0.051353	0.036627	0.069118	0.033413	0.069845	0.083651	0.069897	0.066833	0.053485	0.086346	0.093956	0.052979	0.023279	0.053042	0.095391	0.060784	13352573.0	13352570.0
-6	0.197963	0.259665	0.328362	0.214010	0.164374	0.320783	0.257262	0.280077	0.040403	0.064805	0.063558	0.029196	0.048483	0.079494	0.060389	0.071299	0.062437	0.090036	0.090864	0.085025	0.026006	0.060516	0.058720	0.068768	13352576.0	13352574.0
-5	0.177329	0.294852	0.273531	0.254289	0.147922	0.335763	0.228927	0.342440	0.044735	0.046847	0.061436	0.024311	0.064199	0.096589	0.060464	0.073599	0.055940	0.111894	0.066816	0.038881	0.025798	0.119173	0.056239	0.053079	13352577.0	13352573.0
-4	0.190672	0.374503	0.244955	0.189870	0.150730	0.377599	0.248437	0.286610	0.040402	0.034949	0.075025	0.040296	0.059203	0.088611	0.130904	0.095786	0.044038	0.069112	0.088972	0.042833	0.020643	0.052825	0.067013	0.049389	13352575.0	13352575.0
-3	0.164286	0.245497	0.361914	0.228303	0.163075	0.373221	0.299905	0.292548	0.031562	0.032450	0.068516	0.031757	0.033525	0.068422	0.056075	0.087475	0.046915	0.095813	0.152912	0.066274	0.018372	0.055268	0.073280	0.081383	13352579.0	13352579.0
-2	0.130374	0.251952	0.350784	0.266890	0.132315	0.400402	0.155675	0.465602	0.012547	0.066013	0.028711	0.023103	0.010055	0.150331	0.012468	0.079098	0.026711	0.149897	0.087706	0.086470	0.006993	0.146500	0.023724	0.089672	13352579.0	13352579.0
-1	0.056306	0.512741	0.152609	0.278343	0.157487	0.176223	0.150805	0.123119	0.024407	0.002544	0.024928	0.004427	0.348282	0.045003	0.086997	0.032460	0.064403	0.007157	0.037067	0.043982	0.116024	0.033027	0.116663	0.012629	13352579.0	13352579.0
0	0.553116	0.087731	0.265655	0.093498	0.267079	0.113460	0.431036	0.103903	0.082175	0.106754	0.240480	0.123707	0.010542	0.013711	0.010175	0.053303	0.074185	0.055378	0.034196	0.101897	0.040931	0.016624	0.015677	0.020265	13352579.0	13352579.0
1	0.207833	0.192467	0.300528	0.299172	0.223903	0.180086	0.301227	0.274315	0.038355	0.035138	0.097398	0.036941	0.052672	0.029473	0.032408	0.077914	0.091415	0.044146	0.074059	0.090908	0.047854	0.066176	0.084390	0.100752	13352579.0	13352579.0
2	0.230296	0.174934	0.288255	0.306515	0.213093	0.236784	0.287469	0.280616	0.045347	0.060039	0.090134	0.034777	0.036107	0.036262	0.036678	0.065886	0.067487	0.079343	0.084501	0.056924	0.033827	0.079326	0.094221	0.099142	13352579.0	13352578.0
3	0.182768	0.254969	0.305534	0.256729	0.187228	0.247799	0.258696	0.331545	0.044832	0.048918	0.058429	0.030589	0.030650	0.052515	0.051319	0.120485	0.081164	0.069693	0.074272	0.080406	0.028064	0.074801	0.070121	0.083744	13352578.0	13352578.0
4	0.184709	0.245927	0.254140	0.315224	0.229209	0.269667	0.220570	0.342879	0.043811	0.048458	0.054274	0.038165	0.031272	0.071744	0.059835	0.083076	0.060283	0.075886	0.062202	0.055770	0.038921	0.079747	0.088245	0.108311	13352579.0	13352579.0
5	0.174287	0.275835	0.264556	0.285322	0.204602	0.301898	0.219129	0.285848	0.033586	0.040520	0.051383	0.048798	0.034562	0.071348	0.080977	0.088948	0.059589	0.075002	0.074571	0.055394	0.064017	0.067349	0.095754	0.058202	13352579.0	13352579.0
6	0.191753	0.254220	0.302685	0.251342	0.179507	0.306036	0.250166	0.262937	0.037424	0.038387	0.053984	0.061957	0.036696	0.062776	0.074028	0.080719	0.070357	0.080830	0.088401	0.063097	0.024761	0.064078	0.107139	0.055364	13352579.0	13352578.0
7	0.169239	0.246072	0.323552	0.261137	0.160589	0.310688	0.255563	0.302459	0.037353	0.039210	0.054956	0.037719	0.031743	0.065305	0.070348	0.078676	0.073763	0.085545	0.089491	0.074754	0.025731	0.098693	0.076928	0.059785	13352578.0	13352578.0
8	0.168590	0.288753	0.291723	0.250934	0.166696	0.301070	0.253375	0.278972	0.037967	0.034513	0.061022	0.035089	0.066109	0.067689	0.070245	0.084709	0.063678	0.072427	0.090708	0.064910	0.037755	0.070687	0.086606	0.055886	13352579.0	13352579.0
9	0.205509	0.245317	0.308581	0.240593	0.146224	0.311993	0.322688	0.252856	0.037687	0.033559	0.111815	0.022447	0.031545	0.056726	0.079268	0.077777	0.079217	0.082029	0.093969	0.053367	0.024946	0.057209	0.097295	0.061144	13352579.0	13352579.0
10	0.173394	0.229523	0.382347	0.214735	0.142136	0.307460	0.351435	0.225690	0.039816	0.038401	0.068738	0.026439	0.032229	0.047841	0.073629	0.075825	0.137041	0.080151	0.105839	0.059316	0.025276	0.051419	0.087436	0.050605	13352579.0	13352579.0
11	0.234362	0.217811	0.335642	0.212186	0.151413	0.314434	0.330261	0.213773	0.042866	0.071317	0.087589	0.032589	0.038638	0.048236	0.065299	0.065638	0.079707	0.080800	0.120099	0.055036	0.030547	0.054488	0.081740	0.045410	13352579.0	13352579.0
12	0.191758	0.254841	0.354728	0.198674	0.148099	0.315960	0.317560	0.248157	0.046250	0.039941	0.076436	0.029132	0.036859	0.046587	0.058657	0.112737	0.092830	0.108672	0.102044	0.051181	0.030347	0.046461	0.079495	0.042371	13352579.0	13352579.0
13	0.206286	0.241662	0.316631	0.235421	0.153291	0.288074	0.295420	0.232808	0.048760	0.046709	0.076463	0.034354	0.046621	0.053033	0.058540	0.083468	0.084833	0.091138	0.085364	0.055297	0.028985	0.055115	0.110129	0.041192	13352579.0	13352579.0
14	0.209199	0.245995	0.330496	0.214311	0.148242	0.289594	0.307810	0.260130	0.047348	0.059891	0.074232	0.027727	0.034337	0.054500	0.058919	0.098238	0.099545	0.089490	0.086685	0.054776	0.028132	0.062357	0.078787	0.045035	13352579.0	13352579.0
15	0.209362	0.266239	0.298623	0.225776	0.179217	0.296329	0.260974	0.279930	0.039852	0.043165	0.066119	0.060226	0.052362	0.056740	0.057715	0.099422	0.066356	0.093226	0.088647	0.050394	0.021252	0.065881	0.080756	0.057886	13352579.0	13352579.0
16	0.179822	0.259013	0.293237	0.267928	0.139031	0.303869	0.253518	0.281390	0.035957	0.040653	0.066039	0.037173	0.039927	0.061035	0.062376	0.095674	0.063040	0.091976	0.088482	0.049739	0.020116	0.078896	0.123131	0.045785	13352579.0	13352579.0
17	0.159040	0.272561	0.340028	0.228371	0.130303	0.300287	0.284911	0.264432	0.039823	0.035116	0.064426	0.019675	0.052143	0.061699	0.063459	0.095260	0.085144	0.079611	0.095518	0.079756	0.021953	0.058621	0.098945	0.048853	13352579.0	13352578.0
18	0.199062	0.235047	0.322348	0.243543	0.178034	0.285549	0.301925	0.271047	0.049090	0.039770	0.081013	0.029189	0.041864	0.057224	0.056041	0.079917	0.081291	0.081752	0.090531	0.068774	0.024965	0.059116	0.084673	0.074790	13352578.0	13352578.0
19	0.197210	0.237862	0.312258	0.252670	0.146451	0.293882	0.296624	0.241242	0.043274	0.045772	0.081960	0.026204	0.045155	0.057803	0.055532	0.079372	0.082125	0.091283	0.089264	0.049586	0.026711	0.053806	0.121892	0.050262	13352579.0	13352579.0
20	0.197266	0.248663	0.348648	0.205423	0.146143	0.305078	0.329452	0.228428	0.043074	0.042539	0.082513	0.029139	0.041161	0.056252	0.063213	0.088037	0.107387	0.089137	0.096477	0.055647	0.036082	0.046292	0.085201	0.037848	13352579.0	13352579.0
21	0.227705	0.234220	0.327405	0.210671	0.134603	0.306781	0.296921	0.228698	0.038978	0.078145	0.074375	0.036206	0.040146	0.050624	0.060999	0.082451	0.078288	0.089879	0.105280	0.053958	0.023048	0.059253	0.092000	0.036371	13352579.0	13352579.0
22	0.180461	0.277900	0.332653	0.208986	0.127255	0.314571	0.313730	0.248888	0.041348	0.037686	0.078354	0.023072	0.040239	0.051635	0.072039	0.113988	0.082806	0.079675	0.111222	0.058950	0.025185	0.045618	0.100535	0.037649	13352579.0	13352579.0
23	0.189579	0.214614	0.362149	0.233658	0.136118	0.323288	0.332454	0.196569	0.044863	0.039950	0.078926	0.025840	0.037814	0.047293	0.063593	0.065913	0.085832	0.089568	0.122834	0.063916	0.025525	0.043472	0.124771	0.039890	13352579.0	13352579.0
24	0.194033	0.220283	0.390124	0.195560	0.136951	0.302526	0.318989	0.192678	0.044092	0.041889	0.083251	0.024802	0.050078	0.046934	0.059685	0.063587	0.084340	0.088600	0.107306	0.109877	0.029466	0.043566	0.083936	0.038592	13352579.0	13352579.0
25	0.207976	0.220989	0.334178	0.236857	0.196008	0.290254	0.312807	0.240501	0.049964	0.045666	0.080960	0.031386	0.045142	0.048909	0.059208	0.067731	0.087591	0.087844	0.094293	0.064451	0.033990	0.043193	0.079005	0.080668	13352579.0	13352578.0
26	0.216686	0.225613	0.313466	0.244235	0.154331	0.298783	0.331377	0.183496	0.047166	0.040714	0.103593	0.025214	0.046619	0.045555	0.066337	0.067102	0.079688	0.085961	0.100930	0.046886	0.051342	0.040229	0.122055	0.030609	13352578.0	13352578.0
27	0.224815	0.212459	0.392914	0.169812	0.135539	0.327615	0.386427	0.170873	0.045467	0.041767	0.099085	0.038496	0.047544	0.049042	0.061235	0.054638	0.115204	0.090668	0.126671	0.060372	0.022418	0.038036	0.080200	0.029158	13352579.0	13352579.0
28	0.230633	0.219512	0.367191	0.182664	0.164266	0.311355	0.356441	0.193866	0.080495	0.041650	0.083932	0.024556	0.054522	0.048455	0.055759	0.060776	0.085853	0.100980	0.106161	0.074197	0.025896	0.051317	0.072132	0.033318	13352579.0	13352579.0
29	0.246767	0.242403	0.317983	0.192847	0.177600	0.312547	0.288983	0.211177	0.041262	0.050334	0.086690	0.068481	0.062112	0.055958	0.065636	0.058697	0.062783	0.092705	0.098248	0.064247	0.020677	0.049342	0.075648	0.047181	13352579.0	13352579.0
30	0.186834	0.248340	0.326221	0.238605	0.133726	0.320371	0.276602	0.261396	0.043865	0.047878	0.070602	0.024490	0.055196	0.058005	0.065535	0.069603	0.062854	0.097549	0.099282	0.066536	0.024281	0.092697	0.080537	0.041091	13352579.0	13352572.0
31	0.186195	0.296129	0.315956	0.201720	0.140413	0.308757	0.267891	0.278817	0.044458	0.043356	0.067220	0.031161	0.057298	0.062203	0.060717	0.115910	0.060066	0.089690	0.096147	0.070052	0.024456	0.060366	0.076561	0.040338	13352572.0	13352572.0
32	0.186278	0.255615	0.300645	0.257462	0.145939	0.312503	0.265879	0.296644	0.032049	0.038591	0.081749	0.033889	0.049210	0.071356	0.062611	0.072438	0.057223	0.083677	0.094858	0.064886	0.021192	0.094041	0.083420	0.058809	13352579.0	13352578.0
33	0.159675	0.287666	0.322637	0.230021	0.148179	0.310940	0.253504	0.272104	0.035281	0.035200	0.061600	0.027595	0.082192	0.066403	0.062036	0.077035	0.061031	0.086909	0.095592	0.079105	0.023635	0.066997	0.077721	0.061669	13352578.0	13352578.0
34	0.202139	0.255509	0.296949	0.245404	0.181790	0.299484	0.259906	0.271078	0.038622	0.038610	0.064553	0.060353	0.052224	0.071033	0.055288	0.076964	0.068987	0.085420	0.087744	0.054798	0.026442	0.066708	0.095881	0.056372	13352578.0	13352578.0
35	0.186276	0.261772	0.303465	0.248487	0.156627	0.315957	0.283822	0.270195	0.045402	0.041075	0.072315	0.027484	0.047213	0.068472	0.063383	0.082703	0.061111	0.079108	0.104994	0.058252	0.023101	0.058380	0.106366	0.060640	13352578.0	13352578.0
36	0.176828	0.247035	0.347058	0.229079	0.165605	0.338795	0.293742	0.273070	0.042646	0.040958	0.064774	0.028449	0.044175	0.070397	0.054476	0.077987	0.062328	0.089928	0.123994	0.070809	0.027276	0.057453	0.077118	0.067234	13352578.0	13352577.0
37	0.176425	0.258735	0.320361	0.244479	0.170125	0.343857	0.259011	0.290653	0.043589	0.042503	0.063923	0.026410	0.048307	0.076990	0.061049	0.072389	0.061346	0.115665	0.090153	0.053197	0.025404	0.066553	0.077800	0.074722	13352577.0	13352575.0
38	0.178647	0.301711	0.292925	0.226718	0.175900	0.301314	0.261190	0.290960	0.041444	0.035553	0.067731	0.033919	0.082101	0.067521	0.060252	0.091836	0.059974	0.081500	0.092041	0.059410	0.025686	0.056751	0.069429	0.074851	13352576.0	13352576.0
39	0.209205	0.241325	0.289453	0.260016	0.224249	0.300502	0.296204	0.278232	0.074500	0.034611	0.072016	0.028079	0.047221	0.065743	0.054908	0.073454	0.059590	0.089754	0.090098	0.050011	0.047354	0.064720	0.073626	0.074316	13352578.0	13352578.0
40	0.228666	0.254827	0.290648	0.225859	0.166707	0.308135	0.270355	0.276848	0.041808	0.083120	0.077057	0.026681	0.046147	0.073684	0.057511	0.077486	0.058627	0.084078	0.092863	0.055080	0.029764	0.057225	0.070417	0.068453	13352578.0	13352578.0
41	0.176346	0.298106	0.297847	0.227700	0.170633	0.319569	0.261990	0.285905	0.041579	0.039858	0.066158	0.028751	0.081343	0.073346	0.059863	0.083554	0.060385	0.092492	0.093867	0.051103	0.030813	0.059515	0.067882	0.069490	13352578.0	13352578.0
42	0.214121	0.265211	0.287771	0.232898	0.154402	0.312422	0.261539	0.269304	0.039250	0.073135	0.075552	0.026184	0.045610	0.073609	0.060115	0.085877	0.056464	0.088424	0.090273	0.052609	0.038436	0.059285	0.084644	0.050533	13352578.0	13352578.0
43	0.179760	0.294454	0.310584	0.215202	0.153067	0.360290	0.257771	0.304209	0.039549	0.043041	0.066864	0.030306	0.044763	0.111817	0.060009	0.077865	0.054442	0.091548	0.096916	0.067678	0.028770	0.060086	0.071904	0.054442	13352578.0	13352578.0
44	0.167524	0.306492	0.295693	0.230291	0.151295	0.333006	0.248667	0.288374	0.034052	0.039948	0.062988	0.030536	0.076926	0.077671	0.061500	0.090395	0.052207	0.094416	0.099420	0.049650	0.033787	0.067389	0.076195	0.052920	13352578.0	13352577.0
45	0.196972	0.279424	0.300103	0.223501	0.150888	0.331222	0.294332	0.298391	0.044151	0.033077	0.098776	0.020967	0.042622	0.081202	0.061686	0.093914	0.053781	0.090711	0.097623	0.057988	0.032590	0.070095	0.067637	0.053180	13352577.0	13352577.0
46	0.173143	0.275085	0.325722	0.226049	0.137914	0.337367	0.270636	0.291920	0.038992	0.033392	0.080579	0.020180	0.045073	0.086874	0.064289	0.078849	0.053961	0.089102	0.097103	0.085556	0.022276	0.069731	0.077576	0.056466	13352578.0	13352577.0
47	0.160303	0.279099	0.319547	0.241051	0.139519	0.360140	0.284138	0.307081	0.041348	0.029520	0.066236	0.023199	0.049365	0.086166	0.067011	0.076556	0.061153	0.091562	0.115401	0.051431	0.028167	0.097553	0.068526	0.046806	13352577.0	13352565.0
48	0.180033	0.304801	0.317174	0.197993	0.147980	0.389295	0.279673	0.269158	0.042524	0.033647	0.075739	0.028123	0.045261	0.086180	0.097513	0.075846	0.063098	0.107291	0.098312	0.048473	0.026203	0.056002	0.064657	0.051130	13352566.0	13352553.0
49	0.177087	0.283120	0.336220	0.203573	0.152428	0.329813	0.315455	0.283220	0.046196	0.034146	0.070048	0.026697	0.049278	0.083854	0.060226	0.089762	0.099312	0.085833	0.099900	0.051176	0.027473	0.057543	0.066495	0.052062	13352565.0	13352563.0
50	0.222259	0.261376	0.296669	0.219697	0.190906	0.331503	0.280843	0.266380	0.047852	0.038670	0.067756	0.067980	0.053100	0.081120	0.058584	0.068572	0.058175	0.084739	0.107060	0.046695	0.025205	0.066819	0.077804	0.049869	13352576.0	13352576.0
51	0.184332	0.271348	0.311204	0.233116	0.157627	0.328009	0.295012	0.271967	0.050533	0.036376	0.072053	0.025370	0.056676	0.082569	0.057129	0.074973	0.071244	0.087129	0.101181	0.051650	0.024606	0.057306	0.094086	0.057118	13352578.0	13352578.0
52	0.203059	0.263381	0.324449	0.209111	0.163146	0.345196	0.325219	0.274070	0.050004	0.037007	0.089351	0.026697	0.051863	0.081085	0.055945	0.074487	0.057813	0.080115	0.128051	0.058470	0.027528	0.059580	0.063086	0.058918	13352578.0	13352578.0
53	0.187207	0.257787	0.336433	0.218572	0.162416	0.371365	0.312779	0.280573	0.047322	0.039582	0.066838	0.033465	0.048565	0.083623	0.056966	0.068633	0.055066	0.087222	0.143554	0.050592	0.024033	0.070722	0.066222	0.057596	13352578.0	13352578.0
54	0.174986	0.281150	0.333579	0.210285	0.160061	0.377494	0.280452	0.284307	0.047353	0.038191	0.062807	0.026636	0.057299	0.095518	0.055586	0.072746	0.059569	0.115667	0.110723	0.047619	0.025442	0.055413	0.068800	0.060630	13352578.0	13352578.0
55	0.189664	0.304789	0.297916	0.207631	0.162293	0.336773	0.279396	0.295645	0.048079	0.036643	0.076190	0.028752	0.058046	0.077029	0.063627	0.106087	0.052541	0.093531	0.102586	0.049258	0.028572	0.055640	0.066530	0.056890	13352578.0	13352577.0
56	0.187238	0.262843	0.308933	0.240987	0.153787	0.322581	0.284519	0.268935	0.045777	0.042411	0.070598	0.028451	0.052597	0.074906	0.059695	0.075644	0.060028	0.079863	0.108116	0.060926	0.023457	0.062284	0.099145	0.056101	13352577.0	13352574.0
57	0.181859	0.259465	0.337554	0.221122	0.170232	0.334997	0.286503	0.264529	0.046032	0.038469	0.065725	0.031633	0.048170	0.086409	0.058909	0.065977	0.069216	0.084149	0.105530	0.078659	0.037606	0.057181	0.071373	0.054962	13352575.0	13352575.0
58	0.201023	0.266208	0.301538	0.231231	0.164540	0.329142	0.285967	0.293698	0.046793	0.041540	0.071708	0.040982	0.055721	0.081568	0.057035	0.071884	0.056747	0.079821	0.110719	0.054251	0.026807	0.090288	0.064178	0.049958	13352578.0	13352578.0
59	0.186068	0.293217	0.303640	0.217075	0.163243	0.325274	0.278881	0.298003	0.044073	0.038373	0.070673	0.032949	0.051012	0.083463	0.058674	0.100068	0.067004	0.086006	0.097131	0.053499	0.027602	0.055852	0.075002	0.058620	13352578.0	13352577.0
60	0.189690	0.263694	0.301480	0.245136	0.168298	0.337368	0.272496	0.275467	0.050350	0.040794	0.068771	0.029775	0.051188	0.084173	0.056809	0.071524	0.057737	0.100748	0.095638	0.047358	0.030515	0.062113	0.094850	0.057658	13352577.0	13352574.0
61	0.189790	0.287827	0.316068	0.206315	0.161081	0.319435	0.309823	0.272494	0.050844	0.041202	0.068260	0.029484	0.073330	0.082943	0.059882	0.071671	0.095381	0.081272	0.095337	0.044078	0.027457	0.064583	0.060978	0.053297	13352575.0	13352574.0
62	0.247012	0.270001	0.284458	0.198529	0.180988	0.323884	0.275941	0.260947	0.052114	0.072628	0.072980	0.049290	0.055892	0.084106	0.061167	0.068836	0.054601	0.082365	0.096246	0.051246	0.027497	0.055919	0.063026	0.052087	13352577.0	13352574.0
63	0.190104	0.295018	0.293420	0.221458	0.180527	0.330474	0.281436	0.284804	0.049542	0.037149	0.070494	0.032919	0.082481	0.082223	0.059415	0.070900	0.058173	0.085610	0.103226	0.046410	0.027294	0.060909	0.062483	0.070773	13352575.0	13352574.0
64	0.217490	0.265891	0.295618	0.221001	0.209983	0.329720	0.276105	0.292143	0.048891	0.034944	0.066329	0.067327	0.052756	0.093732	0.052534	0.066869	0.059733	0.082302	0.101152	0.052430	0.028985	0.066761	0.060474	0.064780	13352577.0	13352577.0
65	0.190366	0.277740	0.280489	0.251405	0.210770	0.312646	0.266967	0.323824	0.055497	0.037448	0.065179	0.032242	0.055569	0.083796	0.055456	0.082919	0.056294	0.083398	0.089996	0.050800	0.028093	0.062172	0.066203	0.094938	13352578.0	13352578.0
66	0.195454	0.266813	0.276834	0.260899	0.216512	0.323830	0.268915	0.310733	0.047639	0.044950	0.069221	0.033644	0.053019	0.089719	0.057798	0.066277	0.052364	0.076623	0.099691	0.048156	0.039275	0.058783	0.066887	0.095954	13352578.0	13352578.0
67	0.192298	0.270075	0.293596	0.244031	0.213847	0.337011	0.271224	0.302322	0.044680	0.037114	0.064721	0.045782	0.054774	0.090110	0.058725	0.066465	0.057576	0.083929	0.104247	0.047844	0.034222	0.056584	0.064062	0.089162	13352578.0	13352578.0
68	0.191253	0.267738	0.291756	0.249254	0.162868	0.334142	0.276860	0.274839	0.050903	0.037536	0.072652	0.030162	0.051718	0.089003	0.057750	0.069268	0.055553	0.089637	0.097752	0.048813	0.023088	0.057853	0.109597	0.058716	13352578.0	13352578.0
69	0.181261	0.274029	0.337751	0.206959	0.153113	0.379506	0.317338	0.274806	0.045135	0.042988	0.066638	0.026501	0.048440	0.083480	0.062608	0.079501	0.056112	0.083966	0.149453	0.048221	0.026539	0.056887	0.068595	0.054939	13352578.0	13352578.0
70	0.176226	0.267319	0.347293	0.209161	0.155795	0.343656	0.258112	0.264093	0.039905	0.035656	0.066225	0.034440	0.049582	0.085952	0.060582	0.071204	0.054748	0.099889	0.097234	0.095423	0.032362	0.057849	0.069862	0.049089	13352578.0	13352578.0
71	0.176597	0.279346	0.293903	0.250155	0.201450	0.324208	0.261184	0.304601	0.043915	0.038145	0.062311	0.032225	0.051505	0.087822	0.057113	0.082905	0.061505	0.085820	0.093453	0.053125	0.058098	0.066662	0.058183	0.067211	13352578.0	13352578.0
72	0.215024	0.278449	0.271060	0.235467	0.215355	0.321453	0.259889	0.293914	0.047657	0.036260	0.068136	0.062971	0.048930	0.087826	0.064487	0.077205	0.055838	0.080880	0.088259	0.046083	0.041829	0.065983	0.064757	0.062898	13352578.0	13352578.0
73	0.194253	0.270951	0.285639	0.249158	0.182229	0.327332	0.266229	0.309740	0.051253	0.036260	0.065289	0.041452	0.054907	0.088093	0.057721	0.070229	0.051434	0.083263	0.098255	0.052687	0.032771	0.094664	0.064969	0.056754	13352578.0	13352578.0
74	0.190364	0.302281	0.286234	0.221121	0.166868	0.320582	0.268996	0.304180	0.045970	0.042102	0.068839	0.033453	0.049014	0.082750	0.065538	0.104978	0.062172	0.080279	0.092014	0.051768	0.028072	0.057078	0.076598	0.059373	13352578.0	13352574.0
75	0.185228	0.262210	0.302989	0.249572	0.201099	0.329455	0.269891	0.312274	0.045169	0.038087	0.069180	0.032793	0.051380	0.090971	0.054332	0.065528	0.055068	0.083678	0.100474	0.063769	0.023677	0.056315	0.070120	0.099460	13352574.0	13352573.0
76	0.175293	0.269051	0.294106	0.261550	0.213504	0.337566	0.269099	0.330959	0.045822	0.036451	0.064412	0.028608	0.050885	0.086065	0.061191	0.070910	0.054569	0.086013	0.104297	0.049228	0.027234	0.062143	0.060333	0.111841	13352577.0	13352577.0
77	0.178509	0.270673	0.290232	0.260586	0.165916	0.338830	0.261090	0.325053	0.046285	0.038879	0.063525	0.029821	0.048201	0.092936	0.060179	0.069356	0.054165	0.088600	0.097115	0.050353	0.024221	0.097172	0.073604	0.065589	13352578.0	13352578.0
78	0.172872	0.317586	0.294423	0.215119	0.167665	0.336169	0.261860	0.286335	0.041352	0.036350	0.065814	0.029356	0.084990	0.089684	0.067811	0.075100	0.056625	0.080603	0.098070	0.059125	0.029093	0.053687	0.064476	0.067864	13352578.0	13352576.0
79	0.212059	0.260324	0.296171	0.231445	0.209421	0.319145	0.265020	0.294916	0.042736	0.036563	0.065295	0.067466	0.051012	0.086084	0.054762	0.068466	0.062415	0.083725	0.094574	0.055457	0.024003	0.065150	0.067076	0.075216	13352576.0	13352575.0
80	0.180166	0.271522	0.281707	0.266605	0.170260	0.334920	0.266839	0.310053	0.044543	0.038834	0.067659	0.029129	0.052181	0.089305	0.061254	0.068782	0.055150	0.084875	0.099486	0.042195	0.033042	0.088421	0.081597	0.063545	13352577.0	13352575.0
81	0.184917	0.301435	0.309996	0.203652	0.162295	0.328949	0.279447	0.309632	0.050403	0.038378	0.065502	0.030634	0.052633	0.088806	0.056467	0.103529	0.065867	0.086001	0.097674	0.060453	0.023187	0.059227	0.063168	0.058070	13352576.0	13352576.0
82	0.192090	0.272412	0.282811	0.252687	0.159528	0.324316	0.256597	0.287842	0.043680	0.046241	0.067412	0.034758	0.054764	0.093236	0.055722	0.068690	0.055328	0.085181	0.090177	0.052125	0.025300	0.070126	0.101471	0.055791	13352578.0	13352578.0
83	0.179071	0.294783	0.314782	0.211363	0.159718	0.329765	0.295030	0.305160	0.044865	0.041007	0.065348	0.027851	0.052066	0.100742	0.056452	0.085523	0.090201	0.077956	0.094615	0.052009	0.026292	0.058185	0.066177	0.060710	13352578.0	13352577.0
84	0.213425	0.277890	0.282592	0.226094	0.166707	0.340219	0.265118	0.300563	0.042664	0.073077	0.066452	0.031231	0.054032	0.094195	0.059730	0.069933	0.053573	0.083864	0.102430	0.042725	0.030910	0.074534	0.058747	0.061901	13352577.0	13352577.0
85	0.181179	0.325671	0.287359	0.205791	0.167228	0.372125	0.271470	0.326731	0.048816	0.038796	0.066607	0.026961	0.061657	0.129840	0.055715	0.078458	0.055127	0.085650	0.100921	0.045662	0.028278	0.055260	0.059079	0.063173	13352578.0	13352578.0
86	0.193878	0.309546	0.282322	0.214255	0.185198	0.340603	0.273068	0.292738	0.050635	0.041073	0.069008	0.033163	0.084444	0.092851	0.064898	0.067352	0.052295	0.081723	0.101131	0.047173	0.025344	0.056478	0.056376	0.076057	13352578.0	13352574.0
87	0.212718	0.272125	0.291412	0.223745	0.222304	0.329784	0.266983	0.285971	0.044834	0.037280	0.059941	0.070664	0.056172	0.092136	0.055501	0.068315	0.061060	0.080999	0.101148	0.048205	0.039814	0.058528	0.058411	0.066991	13352574.0	13352574.0
88	0.201881	0.268943	0.275000	0.254175	0.197078	0.322191	0.255199	0.316485	0.045792	0.039342	0.065507	0.051240	0.056307	0.089006	0.057072	0.066558	0.053073	0.085286	0.090827	0.045814	0.028427	0.089302	0.064827	0.071619	13352578.0	13352577.0
89	0.183600	0.302936	0.278234	0.235231	0.188489	0.349337	0.267329	0.334706	0.045919	0.044028	0.065829	0.027824	0.052971	0.118239	0.057240	0.074486	0.060121	0.078398	0.095460	0.044255	0.031767	0.059002	0.061483	0.082978	13352577.0	13352577.0
90	0.190778	0.299667	0.280012	0.229543	0.185744	0.324175	0.266423	0.295783	0.047347	0.037736	0.070388	0.035307	0.084439	0.087988	0.059391	0.067848	0.055890	0.083998	0.092797	0.047326	0.027414	0.064270	0.062184	0.075677	13352578.0	13352578.0
91	0.215090	0.273992	0.284760	0.226158	0.217329	0.333836	0.260901	0.291501	0.046414	0.042446	0.063838	0.062393	0.053153	0.089212	0.065816	0.065811	0.054790	0.082949	0.095859	0.051162	0.032381	0.060337	0.057299	0.076141	13352578.0	13352578.0
92	0.186737	0.274944	0.282812	0.255507	0.221371	0.321944	0.264373	0.299243	0.051902	0.043018	0.060562	0.031255	0.054196	0.091970	0.059339	0.069439	0.061426	0.080151	0.090483	0.050751	0.060653	0.060274	0.057020	0.077560	13352578.0	13352578.0
93	0.228177	0.275413	0.267404	0.229005	0.207503	0.314009	0.265472	0.299214	0.054720	0.041348	0.067957	0.064152	0.057894	0.092441	0.051641	0.073437	0.054952	0.082084	0.087843	0.042526	0.027890	0.072594	0.067781	0.060741	13352578.0	13352578.0
94	0.195455	0.288467	0.275222	0.240856	0.169934	0.326582	0.275774	0.325661	0.051674	0.043289	0.072130	0.028363	0.053894	0.105885	0.056499	0.072189	0.062004	0.074233	0.089966	0.049018	0.031379	0.089070	0.061889	0.058517	13352578.0	13352578.0
95	0.198952	0.312477	0.280483	0.208088	0.163796	0.356022	0.275638	0.306407	0.050708	0.046488	0.071034	0.030722	0.066723	0.119567	0.054139	0.072048	0.055860	0.084281	0.098035	0.042307	0.026810	0.059237	0.066486	0.055555	13352578.0	13352578.0
96	0.200101	0.309573	0.289694	0.200632	0.174455	0.318506	0.293001	0.277085	0.061559	0.040991	0.067374	0.030177	0.090531	0.085407	0.055822	0.077813	0.065709	0.078919	0.098359	0.046708	0.026827	0.057974	0.059940	0.055892	13352578.0	13352576.0
97	0.244626	0.263290	0.281494	0.210590	0.223121	0.323833	0.320980	0.273391	0.095529	0.041878	0.073425	0.033794	0.053084	0.087277	0.055776	0.067153	0.055789	0.084544	0.096236	0.044925	0.027601	0.052764	0.064028	0.066197	13352576.0	13352576.0
98	0.232003	0.266463	0.289465	0.212068	0.207138	0.326092	0.268921	0.279473	0.046733	0.049215	0.066681	0.069374	0.050895	0.095041	0.054905	0.065621	0.062885	0.083524	0.092622	0.050435	0.028685	0.056464	0.064573	0.062347	13352578.0	13352578.0
99	0.189198	0.284245	0.278781	0.247777	0.173484	0.325037	0.263958	0.285965	0.048897	0.044139	0.063784	0.032378	0.051792	0.086507	0.063204	0.082741	0.054494	0.078542	0.096784	0.048961	0.032645	0.057153	0.098415	0.059565	13352578.0	13352578.0
100	0.187828	0.266341	0.322187	0.223644	0.169655	0.305715	0.266954	0.286774	0.048701	0.044197	0.066032	0.028898	0.058710	0.088414	0.050299	0.068917	0.060660	0.075441	0.091561	0.094525	0.026007	0.063394	0.068195	0.066049	13352578.0	13352578.0
101	0.194078	0.271446	0.276087	0.258389	0.201910	0.317143	0.266106	0.310140	0.049706	0.046008	0.068206	0.030158	0.057350	0.090077	0.057722	0.066296	0.057470	0.078621	0.090723	0.049273	0.026030	0.057751	0.078593	0.096017	13352578.0	13352577.0
102	0.190556	0.272456	0.295244	0.241743	0.162965	0.336229	0.274012	0.311545	0.045131	0.042015	0.071630	0.031781	0.056446	0.091910	0.055082	0.069019	0.054163	0.086149	0.103089	0.051844	0.025983	0.090548	0.065143	0.060069	13352577.0	13352575.0
103	0.181723	0.310621	0.294943	0.212713	0.162683	0.313128	0.274790	0.320484	0.048294	0.039714	0.064049	0.029666	0.053918	0.088681	0.055652	0.112370	0.071882	0.078230	0.090566	0.054265	0.026278	0.060988	0.067002	0.058445	13352576.0	13352576.0
104	0.200372	0.267613	0.277269	0.254746	0.185505	0.319104	0.279926	0.299994	0.062508	0.039704	0.068553	0.029607	0.058601	0.086990	0.057417	0.064604	0.054069	0.079900	0.094797	0.048503	0.031241	0.086250	0.075106	0.062149	13352578.0	13352578.0
105	0.206419	0.292844	0.295873	0.204864	0.188568	0.331515	0.289579	0.271575	0.066152	0.039652	0.069151	0.031465	0.086370	0.083948	0.053258	0.069269	0.055738	0.095771	0.098539	0.045825	0.028461	0.055868	0.058044	0.062490	13352578.0	13352578.0
106	0.236720	0.275238	0.278991	0.209050	0.203788	0.315229	0.277142	0.275369	0.052601	0.054662	0.064661	0.064796	0.049853	0.086092	0.061385	0.077908	0.065008	0.072880	0.094872	0.046232	0.030945	0.055923	0.066736	0.055446	13352578.0	13352576.0
107	0.198407	0.269558	0.287654	0.244381	0.217007	0.335125	0.286196	0.311413	0.051941	0.042204	0.069727	0.034535	0.056239	0.096748	0.053350	0.063221	0.057483	0.077982	0.107046	0.045144	0.035011	0.055925	0.057926	0.095520	13352576.0	13352573.0
108	0.200674	0.272858	0.288048	0.238419	0.210998	0.321265	0.274761	0.315295	0.057860	0.041373	0.066048	0.035392	0.051560	0.087123	0.053207	0.080969	0.056876	0.086961	0.093976	0.050236	0.026982	0.056439	0.064234	0.090764	13352575.0	13352574.0
109	0.193278	0.271896	0.277465	0.257361	0.214052	0.321343	0.275139	0.291978	0.055112	0.038586	0.066569	0.033011	0.060530	0.088688	0.057721	0.064957	0.054769	0.076245	0.098689	0.047761	0.059650	0.072054	0.059378	0.066279	13352577.0	13352576.0
110	0.230061	0.275573	0.282357	0.212008	0.218139	0.326288	0.312849	0.295259	0.086498	0.041168	0.067606	0.034790	0.049131	0.088219	0.055247	0.082975	0.053393	0.077469	0.105352	0.046143	0.028265	0.055478	0.059679	0.068586	13352577.0	13352576.0
111	0.217287	0.262334	0.287884	0.232495	0.207690	0.322763	0.307355	0.283128	0.076737	0.040656	0.071888	0.028005	0.051195	0.083116	0.055405	0.072618	0.059164	0.084677	0.099566	0.044478	0.033530	0.057976	0.071571	0.069418	13352577.0	13352574.0
112	0.220625	0.266425	0.298430	0.214520	0.183491	0.326032	0.274150	0.278362	0.049395	0.074493	0.064319	0.032419	0.052936	0.087153	0.057221	0.069114	0.057718	0.078940	0.102718	0.059054	0.035691	0.056109	0.056734	0.065986	13352575.0	13352575.0
113	0.195741	0.296694	0.280992	0.226573	0.196651	0.318792	0.265789	0.293953	0.048774	0.040686	0.064558	0.041722	0.086746	0.090673	0.052549	0.066726	0.060533	0.083647	0.091923	0.044889	0.028918	0.059317	0.061101	0.077237	13352578.0	13352571.0
114	0.224971	0.274324	0.270132	0.230573	0.218193	0.318615	0.268764	0.305299	0.047661	0.039833	0.074576	0.062901	0.051836	0.091978	0.055480	0.075029	0.054420	0.079050	0.092107	0.044555	0.031465	0.062126	0.060817	0.076166	13352571.0	13352568.0
115	0.185382	0.272987	0.282980	0.258651	0.212912	0.326956	0.282816	0.325133	0.047102	0.041703	0.068809	0.027768	0.057308	0.095601	0.053815	0.066263	0.061887	0.072522	0.105018	0.043553	0.035778	0.061005	0.059605	0.102264	13352575.0	13352572.0
116	0.202075	0.270831	0.287246	0.239848	0.204014	0.324731	0.275673	0.270975	0.048160	0.045508	0.068650	0.039757	0.054501	0.092722	0.052899	0.070709	0.060285	0.080532	0.098578	0.047851	0.062682	0.054129	0.069622	0.053415	13352575.0	13352565.0
117	0.225628	0.272891	0.289749	0.211732	0.172171	0.319780	0.278012	0.270413	0.049681	0.073171	0.069899	0.032877	0.061822	0.092903	0.056027	0.062138	0.062843	0.075261	0.095589	0.056055	0.037146	0.062905	0.059215	0.052467	13352568.0	13352557.0
118	0.211492	0.304241	0.280729	0.203538	0.187513	0.351266	0.282880	0.300998	0.051773	0.043579	0.073394	0.042746	0.058456	0.123603	0.053259	0.068923	0.063069	0.079761	0.094643	0.043256	0.040262	0.055741	0.054803	0.052732	13352567.0	13352560.0
119	0.213560	0.302684	0.276099	0.207656	0.180307	0.338866	0.283103	0.298951	0.066433	0.048002	0.066947	0.032178	0.067211	0.116647	0.054520	0.064306	0.057998	0.075975	0.091724	0.050403	0.025163	0.061466	0.064495	0.056532	13352571.0	13352564.0
120	0.216805	0.302089	0.277686	0.203419	0.174308	0.311668	0.278933	0.270280	0.056102	0.052868	0.073830	0.034006	0.092388	0.086877	0.053391	0.069433	0.055387	0.077786	0.093615	0.050899	0.028738	0.058507	0.060711	0.055462	13352571.0	13352564.0
121	0.232615	0.276038	0.281546	0.209801	0.168187	0.320080	0.302136	0.282037	0.051581	0.041336	0.105092	0.034606	0.054527	0.084019	0.056585	0.080908	0.054547	0.088559	0.090917	0.047523	0.024771	0.059881	0.067920	0.057229	13352571.0	13352567.0
122	0.185426	0.273795	0.320513	0.220267	0.177021	0.359152	0.269944	0.295337	0.042162	0.042077	0.068769	0.032418	0.052785	0.089002	0.057224	0.074784	0.057686	0.111598	0.101327	0.049901	0.027809	0.056918	0.060907	0.074633	13352574.0	13352574.0
123	0.180442	0.299595	0.288227	0.231736	0.172257	0.324616	0.256341	0.286280	0.045985	0.038734	0.063978	0.031745	0.085294	0.089528	0.055738	0.069035	0.050975	0.083946	0.095404	0.057902	0.032695	0.065884	0.071325	0.061833	13352578.0	13352577.0
124	0.214948	0.278093	0.286444	0.220516	0.206305	0.335627	0.261203	0.288586	0.044996	0.036734	0.065867	0.067351	0.050421	0.101058	0.060322	0.066291	0.055233	0.079140	0.095107	0.056964	0.037029	0.064307	0.062251	0.056930	13352577.0	13352577.0
125	0.187678	0.281239	0.283547	0.247536	0.184726	0.331302	0.266557	0.319367	0.050411	0.040325	0.062473	0.034470	0.056308	0.101906	0.053629	0.069395	0.057752	0.079846	0.095921	0.050029	0.041934	0.090153	0.057537	0.057912	13352578.0	13352577.0
126	0.206404	0.312230	0.269561	0.211805	0.178525	0.323500	0.275918	0.282003	0.045116	0.036932	0.085846	0.038510	0.087209	0.095849	0.061263	0.067909	0.051384	0.072816	0.093572	0.051789	0.028672	0.052017	0.064889	0.066228	13352577.0	13352577.0
127	0.212381	0.257614	0.305570	0.224435	0.197260	0.320777	0.280264	0.272675	0.048451	0.039031	0.064498	0.060401	0.057861	0.085076	0.054133	0.060544	0.065470	0.079723	0.101845	0.058532	0.028999	0.067647	0.068382	0.059408	13352578.0	13352577.0
128	0.200781	0.271476	0.288857	0.238885	0.213489	0.323980	0.283673	0.297605	0.051974	0.040505	0.072749	0.035552	0.052941	0.087354	0.061160	0.070021	0.060661	0.077176	0.098289	0.052731	0.040152	0.054420	0.058503	0.085810	13352577.0	13352577.0
129	0.205728	0.259456	0.290702	0.244114	0.181077	0.313033	0.293126	0.266784	0.059695	0.040521	0.073315	0.032198	0.058755	0.081043	0.052007	0.067650	0.060406	0.080272	0.099711	0.050313	0.028154	0.057060	0.097869	0.061031	13352578.0	13352577.0
130	0.207010	0.258896	0.322901	0.211192	0.191431	0.313639	0.279957	0.267123	0.051670	0.039732	0.069034	0.046574	0.053031	0.085387	0.054595	0.065883	0.067245	0.081650	0.092008	0.082000	0.028907	0.051573	0.066432	0.064280	13352577.0	13352574.0
131	0.200853	0.258341	0.282069	0.258737	0.216631	0.319205	0.268041	0.307932	0.048244	0.052270	0.069449	0.030891	0.050708	0.084547	0.051954	0.071132	0.052470	0.084826	0.097879	0.046895	0.042874	0.057631	0.063610	0.094622	13352575.0	13352572.0
132	0.194296	0.279273	0.282891	0.243540	0.208984	0.325782	0.276396	0.309381	0.057058	0.036852	0.068051	0.032335	0.058317	0.083814	0.059578	0.077564	0.055506	0.086609	0.095780	0.044995	0.028740	0.057152	0.066797	0.090851	13352575.0	13352572.0
133	0.199621	0.264428	0.290206	0.245745	0.205936	0.326712	0.282378	0.278215	0.049405	0.043843	0.073679	0.032694	0.048764	0.087499	0.059480	0.068685	0.055516	0.075956	0.103777	0.054957	0.062242	0.060437	0.061471	0.061595	13352575.0	13352575.0
134	0.215928	0.267735	0.298407	0.217931	0.211701	0.338851	0.284731	0.274860	0.047748	0.036504	0.063322	0.068354	0.052675	0.093112	0.055280	0.066668	0.059013	0.075812	0.114647	0.048934	0.036993	0.056474	0.065857	0.058607	13352578.0	13352576.0
135	0.196430	0.261902	0.299107	0.242562	0.210154	0.320236	0.277206	0.267246	0.047320	0.043010	0.068730	0.037370	0.050726	0.091717	0.053989	0.065471	0.065987	0.079361	0.095169	0.058589	0.068199	0.052794	0.064304	0.057265	13352576.0	13352576.0
136	0.232232	0.266882	0.282192	0.218695	0.209133	0.315370	0.307981	0.262317	0.079977	0.046459	0.071873	0.033923	0.060919	0.083617	0.055285	0.067061	0.058529	0.078866	0.097603	0.047194	0.042116	0.058522	0.064939	0.053117	13352578.0	13352578.0
137	0.241541	0.267464	0.289699	0.201296	0.204891	0.321766	0.304651	0.265679	0.055006	0.038422	0.079425	0.068689	0.060185	0.088605	0.054175	0.064500	0.065697	0.074463	0.104524	0.045016	0.026754	0.058132	0.061967	0.054442	13352578.0	13352578.0
138	0.207642	0.259621	0.300090	0.232646	0.173682	0.319916	0.294763	0.296357	0.058827	0.038732	0.073070	0.037013	0.052363	0.088045	0.052753	0.066461	0.067815	0.084067	0.095051	0.053158	0.027416	0.091424	0.063380	0.050427	13352578.0	13352577.0
139	0.206420	0.302268	0.284254	0.207059	0.184973	0.322538	0.289378	0.270222	0.067079	0.037741	0.070009	0.031590	0.094335	0.090501	0.052786	0.064646	0.054939	0.081901	0.097350	0.050063	0.029318	0.058090	0.062665	0.056985	13352577.0	13352571.0
140	0.245672	0.268233	0.282810	0.203284	0.180219	0.323248	0.316456	0.266137	0.063779	0.046373	0.101449	0.034071	0.052861	0.087351	0.060892	0.067129	0.056959	0.080736	0.094269	0.050846	0.027741	0.057029	0.063886	0.054628	13352572.0	13352569.0
141	0.201341	0.271489	0.320496	0.206674	0.192251	0.319442	0.299526	0.280778	0.050354	0.038889	0.064586	0.047512	0.054691	0.089450	0.053037	0.074312	0.089160	0.081527	0.095428	0.054381	0.032255	0.054886	0.057404	0.062130	13352575.0	13352575.0
142	0.226459	0.264752	0.270453	0.238336	0.235403	0.310999	0.294246	0.290497	0.087269	0.046422	0.061882	0.030886	0.055979	0.084652	0.053268	0.070853	0.052368	0.080352	0.092727	0.045006	0.041539	0.059283	0.061805	0.075709	13352578.0	13352578.0
143	0.237155	0.270709	0.269681	0.222454	0.230002	0.317891	0.306626	0.279162	0.092857	0.042497	0.066114	0.035686	0.052783	0.086938	0.057850	0.073137	0.052753	0.078201	0.094902	0.043826	0.040001	0.057629	0.063367	0.061457	13352578.0	13352576.0
144	0.238395	0.265265	0.282233	0.214107	0.185426	0.319472	0.282667	0.281937	0.066078	0.078498	0.064220	0.029599	0.051558	0.084267	0.055328	0.074112	0.056632	0.084139	0.095737	0.045725	0.026424	0.060233	0.064124	0.063325	13352576.0	13352576.0
145	0.200692	0.307138	0.279409	0.212761	0.192005	0.326436	0.274838	0.323652	0.064276	0.045142	0.061175	0.030099	0.054806	0.095051	0.053160	0.104121	0.058405	0.087243	0.090982	0.042780	0.029350	0.056200	0.058931	0.068280	13352578.0	13352578.0
146	0.206837	0.283635	0.264247	0.245280	0.188734	0.316588	0.276329	0.330957	0.062667	0.045193	0.069643	0.029335	0.051260	0.097570	0.054341	0.080464	0.056217	0.076875	0.087802	0.043353	0.030322	0.086513	0.062034	0.066411	13352578.0	13352578.0
147	0.200466	0.306150	0.273821	0.219563	0.196996	0.325028	0.278048	0.320636	0.062856	0.037030	0.067465	0.033116	0.051555	0.094090	0.056713	0.103792	0.054854	0.081352	0.092874	0.044741	0.028639	0.050369	0.068169	0.072385	13352578.0	13352578.0
148	0.197904	0.262841	0.285221	0.254035	0.174108	0.319709	0.283644	0.272966	0.049282	0.039048	0.079685	0.029889	0.051114	0.086897	0.053999	0.070830	0.059077	0.083213	0.095600	0.047331	0.033545	0.053846	0.105251	0.061392	13352578.0	13352578.0
149	0.193018	0.263005	0.334536	0.209441	0.176969	0.365728	0.333832	0.278164	0.055967	0.037565	0.069869	0.029617	0.050923	0.089237	0.056252	0.066593	0.071358	0.083600	0.136638	0.042939	0.028180	0.059130	0.058927	0.063204	13352578.0	13352578.0
150	0.206428	0.269532	0.321686	0.202353	0.182296	0.330111	0.299802	0.270828	0.062396	0.041556	0.072400	0.030077	0.057235	0.087211	0.053786	0.071299	0.054105	0.078212	0.110902	0.078467	0.030337	0.052831	0.059700	0.059486	13352578.0	13352578.0
151	0.204073	0.259810	0.296787	0.239330	0.182444	0.321566	0.287408	0.299694	0.062573	0.045211	0.066789	0.029500	0.053124	0.087871	0.055058	0.063757	0.059530	0.080121	0.098515	0.058621	0.028266	0.085960	0.062998	0.062106	13352578.0	13352578.0
152	0.203493	0.299164	0.283360	0.213983	0.183784	0.352505	0.284581	0.308974	0.064632	0.041090	0.066755	0.031016	0.055040	0.119098	0.055764	0.069262	0.059246	0.083695	0.093948	0.046472	0.025623	0.058101	0.067746	0.062513	13352578.0	13352577.0
153	0.204541	0.301983	0.284213	0.209262	0.189543	0.319959	0.274047	0.318379	0.057927	0.049056	0.062256	0.035302	0.054314	0.088726	0.052426	0.106516	0.058399	0.083340	0.095466	0.047009	0.026313	0.053136	0.059812	0.070001	13352577.0	13352577.0
154	0.196953	0.274258	0.269960	0.258828	0.203844	0.317574	0.270059	0.323057	0.045535	0.044288	0.076473	0.030658	0.056465	0.095802	0.051692	0.070300	0.055499	0.077528	0.092552	0.044381	0.028137	0.057440	0.073737	0.099515	13352578.0	13352578.0
155	0.185635	0.275057	0.294454	0.244854	0.179642	0.313170	0.260980	0.315737	0.050965	0.038435	0.062940	0.033295	0.058556	0.086904	0.056468	0.073129	0.057260	0.079982	0.089815	0.067396	0.029036	0.089357	0.060115	0.066346	13352578.0	13352578.0
156	0.195817	0.294678	0.269338	0.240167	0.192865	0.308200	0.268575	0.314720	0.050789	0.040561	0.072332	0.032135	0.056204	0.086837	0.054735	0.096903	0.054394	0.075568	0.091059	0.048316	0.040206	0.061245	0.068980	0.069735	13352578.0	13352578.0
157	0.201593	0.264211	0.287107	0.247088	0.183818	0.314783	0.278033	0.268864	0.052944	0.036339	0.068811	0.043500	0.058487	0.083059	0.056412	0.066254	0.060116	0.079150	0.096162	0.051679	0.031845	0.064022	0.095692	0.055529	13352578.0	13352578.0
158	0.203392	0.262570	0.317077	0.216962	0.188934	0.311472	0.279154	0.275566	0.057725	0.045784	0.067491	0.032392	0.057623	0.078830	0.053752	0.072365	0.056291	0.081244	0.097646	0.081895	0.026752	0.052307	0.065838	0.072065	13352578.0	13352578.0
159	0.198392	0.258165	0.284727	0.258716	0.181071	0.310204	0.273038	0.315053	0.048710	0.040133	0.077207	0.032342	0.051984	0.084232	0.053223	0.068725	0.052613	0.078241	0.094508	0.059365	0.029776	0.091854	0.066843	0.070242	13352578.0	13352578.0
160	0.183084	0.294460	0.291782	0.230674	0.185947	0.317374	0.260515	0.316942	0.045089	0.039643	0.065895	0.032457	0.054101	0.085493	0.059149	0.095718	0.055783	0.078985	0.093748	0.063266	0.029496	0.056826	0.065447	0.078905	13352578.0	13352578.0
161	0.184469	0.260947	0.284239	0.270346	0.174497	0.315510	0.268074	0.283886	0.051308	0.040515	0.061874	0.030771	0.055020	0.087610	0.054852	0.063464	0.060609	0.078766	0.094282	0.050582	0.032258	0.072651	0.105277	0.060160	13352578.0	13352578.0
162	0.199196	0.279542	0.316285	0.204977	0.177575	0.367921	0.305826	0.279771	0.056320	0.041645	0.060207	0.041024	0.051459	0.108624	0.057593	0.061867	0.062354	0.074758	0.126946	0.052227	0.027533	0.056582	0.068164	0.052698	13352578.0	13352578.0
163	0.197665	0.281610	0.312909	0.207816	0.172720	0.318815	0.261714	0.286042	0.048894	0.047479	0.062889	0.038403	0.052647	0.088541	0.055744	0.084678	0.057436	0.082034	0.092495	0.080944	0.027393	0.054794	0.067599	0.058030	13352578.0	13352576.0
164	0.186370	0.272848	0.278728	0.262054	0.175725	0.320487	0.263900	0.277218	0.050899	0.039062	0.061745	0.034664	0.059642	0.087577	0.059387	0.066242	0.056416	0.078682	0.094841	0.048789	0.027241	0.060478	0.111415	0.062920	13352576.0	13352576.0
165	0.194198	0.265799	0.327387	0.212617	0.178914	0.351962	0.300991	0.279357	0.050686	0.046024	0.062360	0.035128	0.053117	0.090816	0.055954	0.065912	0.057755	0.075003	0.130190	0.064440	0.027587	0.057117	0.062400	0.065513	13352578.0	13352577.0
166	0.189146	0.268959	0.310903	0.230992	0.198062	0.348768	0.267614	0.284933	0.051562	0.039136	0.063948	0.034500	0.059965	0.088498	0.056320	0.064176	0.058150	0.109996	0.093954	0.048803	0.040928	0.061186	0.057805	0.071073	13352577.0	13352577.0
167	0.210605	0.298816	0.272027	0.218552	0.192915	0.306303	0.273793	0.292527	0.058379	0.054148	0.062625	0.035454	0.087536	0.085623	0.052122	0.073534	0.058730	0.074498	0.094059	0.044740	0.027682	0.061969	0.057501	0.071400	13352578.0	13352578.0
168	0.232327	0.276238	0.266307	0.225128	0.186063	0.304212	0.272855	0.300098	0.056750	0.078652	0.064662	0.032264	0.059166	0.082486	0.052529	0.082057	0.056100	0.073853	0.095343	0.041011	0.028654	0.067160	0.060919	0.068395	13352578.0	13352578.0
169	0.200669	0.302150	0.273454	0.223727	0.195733	0.316953	0.279470	0.318638	0.059500	0.040619	0.067793	0.032757	0.052533	0.087305	0.054946	0.107367	0.054049	0.076573	0.098129	0.044703	0.029232	0.049723	0.070528	0.074243	13352578.0	13352578.0
170	0.195314	0.254220	0.291396	0.259070	0.209668	0.319235	0.282689	0.290421	0.053887	0.039828	0.066836	0.034763	0.053325	0.079626	0.057209	0.064059	0.062768	0.083200	0.099199	0.046229	0.029702	0.055420	0.082633	0.091315	13352578.0	13352578.0
171	0.199682	0.258075	0.305877	0.236367	0.208526	0.328053	0.276817	0.263367	0.053280	0.038928	0.070134	0.037340	0.057445	0.082022	0.051715	0.066892	0.056230	0.097142	0.097173	0.055332	0.059470	0.056017	0.062444	0.058436	13352578.0	13352578.0
172	0.226426	0.274109	0.281466	0.218000	0.179800	0.319519	0.298873	0.294323	0.047910	0.039814	0.102731	0.035971	0.052639	0.092660	0.054080	0.074730	0.055599	0.080146	0.092633	0.053088	0.032490	0.063503	0.058577	0.063430	13352578.0	13352578.0
173	0.188638	0.276123	0.308021	0.227218	0.193603	0.318797	0.300021	0.293073	0.050127	0.037028	0.065916	0.035567	0.062049	0.092565	0.053787	0.067722	0.091135	0.079601	0.092843	0.044442	0.034134	0.059011	0.060298	0.073774	13352578.0	13352578.0
174	0.237445	0.268205	0.272845	0.221505	0.181008	0.313339	0.302846	0.266331	0.051164	0.040237	0.107087	0.038957	0.060271	0.086430	0.057497	0.064008	0.053702	0.078519	0.090893	0.049731	0.031038	0.056043	0.074574	0.059850	13352578.0	13352574.0
175	0.196174	0.261228	0.330052	0.212546	0.184681	0.333985	0.296241	0.277281	0.054421	0.039372	0.070053	0.032327	0.049695	0.090848	0.054591	0.066095	0.059037	0.075817	0.112729	0.082468	0.029890	0.052296	0.062317	0.068043	13352574.0	13352553.0
176	0.193044	0.258333	0.299690	0.248932	0.189609	0.325471	0.278200	0.299850	0.056081	0.036891	0.061681	0.038390	0.056398	0.082426	0.053975	0.065533	0.059572	0.088203	0.100866	0.051049	0.031547	0.088300	0.065495	0.063591	13352557.0	13352557.0
177	0.203598	0.295820	0.282019	0.218563	0.197120	0.310586	0.281516	0.315580	0.061847	0.038979	0.067455	0.035317	0.050048	0.084885	0.051678	0.109209	0.059146	0.080954	0.093068	0.048851	0.029775	0.051306	0.067302	0.070181	13352578.0	13352578.0
178	0.200816	0.256124	0.279503	0.263557	0.216070	0.312488	0.283539	0.306167	0.053830	0.045491	0.067967	0.033529	0.051894	0.081380	0.055538	0.067311	0.060505	0.074332	0.101237	0.043429	0.028938	0.057702	0.077143	0.099773	13352578.0	13352578.0
179	0.195167	0.258905	0.301886	0.244042	0.209336	0.337774	0.279584	0.293008	0.052542	0.042392	0.067718	0.032514	0.051974	0.080492	0.064043	0.062395	0.055680	0.089595	0.103644	0.052968	0.032909	0.058750	0.061013	0.091370	13352578.0	13352575.0
180	0.193106	0.271229	0.296418	0.239247	0.199169	0.321371	0.291074	0.287926	0.054097	0.041013	0.068425	0.029570	0.069751	0.083077	0.053977	0.064423	0.067451	0.083216	0.101101	0.044651	0.029931	0.054855	0.068891	0.085571	13352575.0	13352575.0
181	0.221230	0.262161	0.292394	0.224215	0.180167	0.323841	0.301395	0.261211	0.067005	0.045622	0.074736	0.033867	0.051730	0.086190	0.056924	0.067318	0.060272	0.081345	0.099382	0.051394	0.023875	0.052284	0.092636	0.055419	13352578.0	13352578.0
182	0.202883	0.265441	0.323678	0.207998	0.160803	0.322243	0.286813	0.269103	0.048926	0.039355	0.083598	0.031004	0.053391	0.081481	0.056428	0.074141	0.059576	0.089621	0.094713	0.079768	0.026597	0.059205	0.067920	0.054275	13352578.0	13352577.0
183	0.188491	0.269662	0.302658	0.239189	0.168608	0.346855	0.286058	0.259400	0.049335	0.041004	0.067017	0.031134	0.063501	0.086157	0.056239	0.063765	0.054508	0.089261	0.115198	0.043691	0.029265	0.050604	0.100446	0.058873	13352577.0	13352577.0
184	0.196609	0.267027	0.338900	0.197464	0.168520	0.366454	0.291921	0.269861	0.052054	0.040197	0.072471	0.031888	0.056032	0.088211	0.055169	0.067615	0.060481	0.116159	0.106916	0.055345	0.027195	0.056650	0.056236	0.057384	13352578.0	13352578.0
185	0.195761	0.301217	0.290790	0.212232	0.181227	0.358416	0.276912	0.318656	0.058418	0.039681	0.064049	0.033613	0.056020	0.128267	0.051427	0.065503	0.052536	0.076813	0.101909	0.059533	0.029735	0.065427	0.057610	0.059460	13352578.0	13352578.0
186	0.196710	0.310187	0.274995	0.218109	0.182658	0.313497	0.263835	0.282842	0.055312	0.044696	0.065022	0.031679	0.095974	0.087833	0.055488	0.070893	0.053857	0.080534	0.089643	0.050961	0.027424	0.055875	0.066568	0.068242	13352578.0	13352578.0
187	0.232568	0.268937	0.276721	0.221774	0.211506	0.318340	0.283530	0.283990	0.052365	0.040478	0.077371	0.062353	0.054264	0.092562	0.056129	0.065981	0.060855	0.076711	0.092938	0.046216	0.029542	0.058201	0.066786	0.067246	13352578.0	13352576.0
188	0.197027	0.267952	0.293225	0.241797	0.204040	0.331979	0.284189	0.267818	0.050762	0.042490	0.065649	0.038126	0.059336	0.090567	0.053536	0.064513	0.054183	0.074280	0.113596	0.051166	0.059979	0.057565	0.069080	0.055172	13352576.0	13352575.0
189	0.224260	0.264903	0.301860	0.208977	0.207744	0.318326	0.328850	0.263337	0.082466	0.040937	0.068207	0.032651	0.058004	0.088267	0.052853	0.065779	0.077342	0.076370	0.100835	0.047313	0.037138	0.053802	0.062547	0.055489	13352577.0	13352577.0
190	0.254950	0.259376	0.284443	0.201231	0.219435	0.314795	0.302426	0.261585	0.069831	0.040224	0.074578	0.070318	0.049622	0.085699	0.057008	0.067046	0.061554	0.075624	0.096463	0.050801	0.026113	0.055666	0.066278	0.053173	13352578.0	13352578.0
191	0.207121	0.257214	0.294328	0.241338	0.180011	0.320285	0.282242	0.267387	0.058353	0.055720	0.063523	0.029525	0.054556	0.087432	0.052967	0.062258	0.062784	0.082303	0.097582	0.051658	0.029360	0.054923	0.094282	0.062773	13352578.0	13352577.0
192	0.205053	0.280379	0.308354	0.206214	0.179655	0.351736	0.278600	0.261297	0.053970	0.038821	0.077083	0.035179	0.066840	0.092336	0.056699	0.064504	0.056381	0.111536	0.091165	0.049271	0.035545	0.049497	0.066212	0.054961	13352577.0	13352576.0
193	0.212736	0.292189	0.291160	0.203915	0.176310	0.319132	0.288408	0.261196	0.051533	0.039858	0.083048	0.038297	0.082287	0.088102	0.058868	0.062933	0.060556	0.078890	0.093271	0.058442	0.028934	0.052615	0.064820	0.057546	13352577.0	13352577.0
194	0.223309	0.259465	0.300007	0.217218	0.183472	0.318635	0.314751	0.273159	0.050610	0.041339	0.096334	0.035026	0.054861	0.084613	0.054383	0.065608	0.070291	0.082124	0.097516	0.050077	0.035721	0.060824	0.058559	0.062115	13352578.0	13352578.0
195	0.211483	0.268900	0.306792	0.212825	0.193015	0.347019	0.271670	0.273377	0.052162	0.040182	0.066915	0.052223	0.053284	0.089266	0.055113	0.071237	0.058634	0.108680	0.093960	0.045519	0.032450	0.056694	0.067502	0.056179	13352578.0	13352563.0
196	0.196530	0.294823	0.283489	0.225158	0.189206	0.323964	0.270888	0.264699	0.053006	0.040811	0.069478	0.033234	0.085706	0.087035	0.055659	0.066423	0.053784	0.086650	0.094620	0.048436	0.047753	0.056028	0.066164	0.055213	13352563.0	13352561.0
197	0.240248	0.270524	0.285922	0.203305	0.165703	0.318855	0.327059	0.265495	0.048212	0.042063	0.121288	0.028686	0.056229	0.085519	0.055599	0.073176	0.062270	0.082447	0.095290	0.045916	0.034936	0.052930	0.061570	0.053869	13352576.0	13352576.0
198	0.201647	0.262959	0.333747	0.201647	0.171439	0.328887	0.277643	0.263065	0.056546	0.044463	0.068620	0.032018	0.049996	0.088301	0.055687	0.068976	0.057511	0.089934	0.094966	0.091335	0.030008	0.052922	0.065851	0.052867	13352578.0	13352578.0
199	0.194061	0.275620	0.285123	0.245196	0.218925	0.328887	0.283702	0.280310	0.055091	0.041158	0.067086	0.030725	0.051689	0.089248	0.065706	0.068977	0.061852	0.074262	0.099672	0.049338	0.063699	0.052676	0.059412	0.069409	13352578.0	13352578.0
